279	213	26.9	2.87	6.48	0.444	0.71	2.02	0.350	1.27	1.70	0.746	1.64	3.84	5.48	1.44	1.10	0.25	2.13	1.09	7.72	4	3	P.J. Tucker
91	7	9.5	1.13	2.56	0.442	0.21	0.68	0.306	0.69	1.01	0.685	0.56	1.08	1.64	0.48	0.29	0.04	1.58	0.51	3.16	2	34	Bobby Jones
403	49	16.9	3.03	5.48	0.553	0.00	0.07	0.037	1.58	2.39	0.661	1.35	2.54	3.89	0.80	0.45	0.23	2.37	1.02	7.64	6	4	Craig Smith
7	0	5.4	0.43	1.43	0.300	0.00	0.00	0.000	0.57	0.86	0.667	0.86	1.00	1.86	0.14	0.00	0.29	0.86	0.14	1.43	1	5	Kosta Perovic
27	0	5.8	0.70	1.37	0.514	0.00	0.00	0.000	0.15	0.30	0.500	0.63	0.59	1.22	0.15	0.19	0.07	0.74	0.22	1.56	2	45	James Augustine
397	77	23.5	2.68	6.66	0.402	1.46	3.57	0.407	1.03	1.31	0.780	0.36	1.64	1.99	1.95	0.61	0.22	2.04	0.94	7.85	7	12	Daniel Gibson
30	0	5.7	0.63	1.73	0.365	0.20	0.53	0.375	0.23	0.37	0.636	0.37	0.67	1.03	0.20	0.10	0.03	0.73	0.50	1.70	1	4	Damir Markota
26	0	6.6	0.62	1.35	0.457	0.31	0.73	0.421	0.38	0.69	0.556	0.12	0.62	0.73	0.27	0.12	0.08	0.54	0.35	1.92	2	34	Marcus Vinicius
102	25	12.8	1.49	2.88	0.517	0.00	0.00	0.000	1.32	1.97	0.672	0.80	1.89	2.70	0.29	0.37	0.44	2.13	0.87	4.30	3	34	Alexander Johnson
68	11	10.5	0.74	2.16	0.340	0.19	0.76	0.250	0.40	0.62	0.643	0.22	0.79	1.01	1.75	0.47	0.10	1.16	0.71	2.06	2	12	Dee Brown
712	436	28.8	5.21	10.38	0.502	0.29	0.86	0.337	2.93	4.02	0.730	2.34	4.99	7.34	2.10	1.28	0.98	3.21	1.73	13.64	9	45	Paul Millsap
239	19	13.9	2.05	3.98	0.515	0.00	0.02	0.000	2.11	3.09	0.682	1.59	2.22	3.81	0.33	0.29	0.34	2.10	0.79	6.21	5	34	Leon Powe
486	67	11.8	1.32	2.27	0.581	0.00	0.00	0.000	1.06	1.62	0.651	0.86	1.31	2.17	0.29	0.18	0.52	2.01	0.75	3.70	9	5	Ryan Hollins
22	0	5.2	0.41	1.64	0.250	0.00	0.14	0.000	0.18	0.41	0.444	0.59	0.82	1.41	0.05	0.18	0.55	0.68	0.18	1.00	2	5	Cheickh Samb
6	0	3.0	0.17	0.67	0.250	0.00	0.17	0.000	0.50	0.83	0.600	0.33	0.00	0.33	0.17	0.00	0.00	0.00	0.00	0.83	1	12	Guillermo Diaz
72	8	7.6	1.10	2.06	0.534	0.00	0.01	0.000	0.38	0.58	0.643	0.50	0.67	1.17	0.19	0.25	0.07	0.71	0.36	2.57	2	12	Hassan Adams
14	0	11.8	0.64	2.14	0.300	0.07	0.36	0.200	0.43	0.43	1.000	0.43	0.64	1.07	1.21	0.36	0.00	0.64	0.86	1.79	1	12	Will Blalock
594	262	20.6	3.50	8.40	0.417	1.27	3.60	0.353	1.37	1.70	0.804	0.47	1.88	2.36	1.22	0.76	0.28	2.22	0.95	9.65	1	23	C.J. Miles
660	283	22.4	3.52	7.13	0.494	0.02	0.08	0.204	1.91	2.31	0.828	1.56	3.17	4.73	0.80	0.38	0.64	1.88	1.00	8.97	1	4	Brandon Bass
127	8	13.3	1.28	3.28	0.389	0.28	0.96	0.295	0.56	0.72	0.780	0.25	0.99	1.24	1.37	0.54	0.08	1.17	0.84	3.39	2	12	Daniel Ewing
478	282	24.0	4.07	9.11	0.447	0.98	2.64	0.372	1.59	2.05	0.773	1.87	4.09	5.96	1.12	0.70	0.39	2.55	0.99	10.71	8	34	Ersan Ilyasova
700	621	35.7	7.35	16.23	0.453	0.89	2.84	0.313	3.51	4.54	0.772	0.67	2.86	3.53	4.78	1.74	0.33	2.40	2.81	19.10	1	12	Monta Ellis
473	105	17.0	1.81	3.40	0.533	0.00	0.01	0.000	1.05	1.65	0.636	1.10	2.62	3.71	1.31	0.38	1.25	2.36	0.76	4.67	1	45	Ronny Turiaf
179	21	14.9	1.66	4.29	0.388	0.92	2.60	0.353	0.53	0.62	0.847	0.22	1.14	1.36	2.41	0.42	0.05	1.12	0.55	4.77	5	1	Travis Diener
131	7	11.9	0.97	2.50	0.387	0.08	0.40	0.212	0.47	0.73	0.642	0.37	1.11	1.49	1.18	0.75	0.11	1.74	1.10	2.49	4	12	Orien Greene
200	14	12.4	1.95	4.64	0.420	0.51	1.57	0.325	0.86	1.15	0.751	0.19	0.98	1.17	0.73	0.36	0.10	0.78	0.64	5.27	7	23	Von Wafer
157	1	17.0	2.84	6.99	0.407	1.06	2.90	0.366	1.28	1.45	0.882	0.14	1.22	1.36	1.04	0.35	0.06	1.53	1.01	8.03	4	12	Salim Stoudamire
487	371	27.6	3.88	8.72	0.445	0.69	1.96	0.349	1.66	2.08	0.799	1.27	3.33	4.60	1.46	0.72	0.16	1.93	1.13	10.11	8	34	Ryan Gomes
145	27	16.2	1.81	3.86	0.470	0.30	0.94	0.316	0.70	0.86	0.815	0.74	1.54	2.28	0.79	0.34	0.24	1.28	0.63	4.62	3	34	Mickael Gelabale
26	0	12.5	1.73	4.27	0.405	0.46	1.42	0.324	1.04	1.31	0.794	0.38	1.12	1.50	0.77	0.38	0.04	0.54	0.54	4.96	2	12	Bracey Wright
564	191	22.1	4.13	8.83	0.467	0.09	0.39	0.237	1.77	2.45	0.725	1.85	3.51	5.36	1.41	0.87	0.81	2.45	1.62	10.12	9	4	Andray Blatche
656	58	23.1	3.92	9.44	0.416	1.08	3.16	0.340	3.08	3.78	0.816	0.36	1.66	2.01	2.93	0.88	0.16	1.39	1.39	12.01	1	12	Lou Williams
6	0	1.6	0.00	0.17	0.000	0.00	0.00	0.000	0.00	0.00	0.000	0.17	0.50	0.67	0.00	0.33	0.00	0.17	0.00	0.00	2	5	Martynas Andriuskevicius
5	0	1.2	0.00	0.60	0.000	0.00	0.00	0.000	0.00	0.00	0.000	0.00	0.20	0.20	0.00	0.00	0.00	0.20	0.60	0.00	1	5	Mile Ilic
20	0	3.6	0.70	1.30	0.538	0.05	0.10	0.500	0.45	0.65	0.692	0.35	0.35	0.70	0.05	0.05	0.10	0.55	0.45	1.90	1	4	Uros Slokar
539	325	25.3	4.24	7.73	0.549	0.01	0.03	0.176	1.48	2.17	0.681	2.04	5.58	7.62	0.93	0.48	1.23	2.13	1.13	9.96	8	45	Marcin Gortat
87	18	13.2	1.31	2.90	0.452	0.00	0.05	0.000	1.22	1.77	0.688	1.46	2.10	3.56	0.40	0.51	0.17	1.87	0.47	3.84	2	4	Lawrence Roberts
610	331	22.6	3.20	5.60	0.572	0.09	0.27	0.329	1.12	1.64	0.682	2.13	3.58	5.71	1.08	0.62	1.10	3.16	1.14	7.62	1	4	Amir Johnson
85	0	11.6	1.61	4.16	0.387	0.16	0.87	0.189	0.62	0.84	0.746	0.32	0.60	0.92	1.94	0.36	0.02	0.98	0.78	4.01	2	12	Roko Ukic
17	0	8.5	1.35	2.24	0.605	0.00	0.00	0.000	0.06	0.35	0.167	1.12	1.00	2.12	0.12	0.12	0.41	1.47	0.12	2.76	1	34	Chris Taft
23	0	9.2	1.00	2.48	0.404	0.00	0.00	0.000	0.13	0.26	0.500	0.70	1.17	1.87	0.74	0.30	0.35	1.78	0.61	2.13	1	5	Robert Whaley
16	0	5.8	1.06	2.50	0.425	0.25	0.81	0.308	0.44	0.50	0.875	0.44	0.75	1.19	0.19	0.19	0.06	0.50	0.19	2.81	2	3	Dijon Thompson
30	0	7.8	1.13	3.07	0.370	0.27	0.83	0.320	0.17	0.33	0.500	0.30	0.67	0.97	0.53	0.20	0.13	0.43	0.37	2.70	2	2	Alex Acker
281	12	11.0	1.07	2.30	0.467	0.00	0.03	0.111	0.84	1.17	0.717	0.91	1.41	2.33	0.35	0.21	0.55	1.97	0.57	2.99	8	5	Solomon Jones
1085	1014	36.2	6.56	14.87	0.441	1.60	4.34	0.369	2.40	3.00	0.800	0.91	3.19	4.10	4.19	0.90	0.21	1.83	2.04	17.13	1	2	Joe Johnson
618	107	22.5	3.98	9.40	0.423	1.31	3.65	0.360	1.75	2.20	0.796	0.62	1.72	2.34	2.95	0.88	0.07	2.40	1.42	11.01	1	12	Nate Robinson
1045	430	31.1	5.38	13.15	0.410	1.77	5.07	0.349	3.02	3.51	0.860	0.39	2.04	2.43	3.62	0.96	0.22	1.58	1.98	15.56	1	2	Jamal Crawford
527	410	24.9	4.89	8.98	0.545	0.00	0.00	1.000	3.15	4.91	0.642	1.80	3.37	5.17	0.54	0.29	0.73	2.97	2.23	12.94	1	5	Eddy Curry
717	493	31.0	5.89	11.07	0.532	0.00	0.04	0.036	2.70	3.49	0.775	2.69	6.61	9.30	2.31	0.81	0.37	2.75	1.86	14.49	1	45	David Lee
936	786	32.0	6.76	14.31	0.472	0.13	0.50	0.261	3.37	4.42	0.763	3.08	6.39	9.47	1.81	0.77	0.29	2.42	2.14	17.02	1	4	Zach Randolph
74	2	5.9	0.70	1.65	0.426	0.00	0.00	0.000	0.49	0.89	0.545	0.36	1.04	1.41	0.09	0.18	0.09	1.35	0.41	1.89	4	5	Randolph Morris
783	487	26.5	3.73	9.40	0.397	1.49	4.20	0.355	1.30	1.81	0.718	1.19	3.49	4.68	1.45	0.78	0.19	1.95	1.11	10.26	1	23	Quentin Richardson
813	85	16.5	2.20	5.05	0.437	0.02	0.10	0.177	1.73	2.33	0.743	1.43	2.71	4.15	0.84	0.60	0.36	2.33	1.30	6.15	1	34	Malik Rose
430	78	24.0	2.53	6.17	0.411	0.80	2.28	0.353	1.58	1.96	0.809	0.37	1.86	2.23	2.30	0.78	0.27	1.93	1.19	7.46	7	12	Fred Jones
629	335	21.6	1.85	4.34	0.426	0.12	0.46	0.250	0.96	1.65	0.583	1.85	2.22	4.07	1.27	0.69	0.51	2.43	1.07	4.77	1	4	Jared Jeffries
357	179	13.4	1.82	3.75	0.485	0.00	0.01	0.000	0.67	1.08	0.620	1.10	1.98	3.08	0.33	0.26	1.08	2.77	1.13	4.31	1	5	Jerome James
671	451	28.9	3.65	9.52	0.383	1.48	4.20	0.354	1.35	1.85	0.729	0.37	2.45	2.82	4.77	1.21	0.16	2.10	1.78	10.13	1	12	Rafer Alston
215	47	11.3	0.97	2.31	0.419	0.00	0.03	0.143	0.64	1.00	0.642	1.23	1.95	3.18	0.34	0.26	0.60	1.29	0.64	2.58	6	5	Loren Woods
755	143	22.2	3.65	8.74	0.417	0.91	2.58	0.354	1.52	1.91	0.793	0.83	2.28	3.11	2.58	0.93	0.09	1.82	1.34	9.73	1	12	Bobby Jackson
977	705	30.7	3.05	6.98	0.437	1.28	3.33	0.384	1.22	1.64	0.743	1.30	2.88	4.18	1.76	1.01	0.93	2.26	0.90	8.61	1	34	Shane Battier
348	82	22.4	2.95	6.97	0.423	1.30	3.34	0.388	0.98	1.27	0.773	0.32	2.11	2.43	2.15	0.73	0.12	1.47	1.26	8.17	6	12	Luther Head
486	476	32.6	6.95	13.26	0.524	0.00	0.02	0.200	5.11	6.14	0.833	2.54	6.71	9.25	1.58	0.39	1.89	3.28	2.70	19.03	9	5	Yao Ming
576	543	37.6	6.15	14.35	0.429	1.00	2.92	0.341	4.84	6.07	0.797	1.67	3.91	5.58	6.03	1.47	0.39	3.14	3.52	18.14	1	12	Steve Francis
54	0	9.2	1.30	2.80	0.464	0.00	0.09	0.000	0.80	1.02	0.782	0.94	1.20	2.15	0.22	0.50	0.22	1.26	0.56	3.39	4	34	Mike Harris
655	452	26.7	5.24	10.55	0.497	0.04	0.14	0.255	2.12	2.85	0.743	1.89	5.11	7.00	1.70	0.65	0.30	2.84	1.60	12.63	8	4	Luis Scola
644	244	18.3	1.63	3.27	0.498	0.00	0.02	0.000	0.49	0.79	0.620	1.74	3.30	5.04	1.21	0.74	0.37	2.31	0.72	3.74	1	4	Chuck Hayes
938	704	32.7	7.15	16.43	0.435	1.15	3.41	0.338	4.14	5.55	0.746	1.39	4.24	5.62	4.44	1.21	0.86	1.77	2.16	19.60	1	23	Tracy McGrady
1196	996	30.8	3.49	6.73	0.518	0.00	0.00	0.000	2.84	4.15	0.684	3.18	7.15	10.33	1.04	0.41	2.75	2.83	1.82	9.81	1	5	Dikembe Mutombo
75	1	8.0	1.09	2.12	0.516	0.00	0.01	0.000	0.44	0.88	0.500	0.93	1.44	2.37	0.15	0.19	0.11	0.97	0.64	2.63	4	45	Andre Brown
983	568	27.9	4.07	8.84	0.460	1.60	3.93	0.408	1.37	1.79	0.769	0.64	3.75	4.38	2.67	0.57	0.23	2.03	1.56	11.11	1	23	Mike Miller
607	280	22.1	2.50	5.09	0.492	0.00	0.01	0.111	1.64	2.88	0.570	1.79	3.70	5.49	0.91	0.53	0.62	2.28	1.27	6.65	1	5	Kwame Brown
735	476	20.4	1.25	3.04	0.411	0.01	0.05	0.206	1.06	1.64	0.647	1.24	2.44	3.68	0.85	0.50	0.49	2.80	0.82	3.57	1	5	Jason Collins
456	37	14.2	1.46	3.57	0.408	0.53	1.43	0.372	1.18	1.37	0.861	0.63	1.68	2.30	1.02	0.65	0.15	1.95	0.72	4.62	1	4	Brian Cardinal
468	208	18.5	2.56	5.56	0.460	0.00	0.01	0.000	0.90	1.57	0.574	1.34	2.87	4.21	0.87	0.44	1.31	2.28	1.22	6.01	1	45	Darko Milicic
287	14	18.5	1.66	4.22	0.393	0.73	2.07	0.352	1.14	1.48	0.769	0.41	1.39	1.80	1.06	0.42	0.08	1.30	0.73	5.18	4	2	Casey Jacobsen
526	109	20.2	3.38	6.90	0.490	0.04	0.21	0.191	2.61	3.60	0.726	1.32	2.71	4.02	0.76	0.41	0.29	1.84	1.19	9.40	8	34	Hakim Warrick
793	287	24.2	2.86	6.53	0.438	0.49	1.40	0.350	1.20	1.54	0.779	0.61	2.65	3.26	2.68	1.15	0.21	2.00	1.34	7.40	1	12	Aaron McKie
82	30	25.8	3.76	9.34	0.402	1.90	5.27	0.361	1.51	1.78	0.849	0.41	2.15	2.56	2.16	0.59	0.01	1.15	1.63	10.93	1	2	Juan Carlos Navarro
1043	937	31.6	4.54	10.94	0.415	1.75	4.53	0.387	4.31	4.82	0.894	0.46	2.41	2.87	5.40	1.01	0.16	2.08	2.05	15.15	1	12	Chauncey Billups
618	188	18.4	2.26	4.57	0.495	0.00	0.01	0.000	1.11	1.96	0.564	1.70	2.47	4.17	0.43	0.37	0.79	1.94	0.79	5.63	1	4	Jason Maxiell
427	115	23.2	3.27	7.88	0.415	0.92	2.58	0.356	0.86	1.08	0.798	0.57	2.54	3.11	1.07	0.73	0.13	2.00	0.88	8.32	7	3	Jarvis Hayes
1015	643	27.6	4.97	10.01	0.497	0.01	0.06	0.117	2.10	3.13	0.670	2.44	5.08	7.53	1.28	0.77	1.09	3.03	1.60	12.05	1	34	Antonio McDyess
436	77	19.5	3.21	7.78	0.413	0.76	2.23	0.341	1.25	1.51	0.833	0.36	1.52	1.87	1.78	0.78	0.08	1.68	1.27	8.44	7	12	Juan Dixon
962	871	31.8	4.68	10.31	0.454	0.59	1.59	0.369	1.59	2.10	0.756	1.15	3.25	4.40	2.45	0.56	0.51	1.25	1.09	11.54	1	34	Tayshaun Prince
1109	956	32.7	5.70	12.20	0.467	0.98	2.91	0.336	2.06	2.85	0.721	1.42	5.25	6.68	1.80	0.98	1.32	2.94	1.53	14.43	1	45	Rasheed Wallace
152	12	12.8	2.05	4.48	0.458	0.75	1.97	0.381	0.53	0.68	0.786	0.51	1.59	2.10	0.43	0.20	0.08	0.94	0.40	5.39	3	34	Walter Herrmann
921	783	32.1	6.48	14.43	0.449	0.58	1.66	0.346	3.52	4.13	0.852	0.86	2.23	3.10	3.39	0.78	0.14	2.53	2.15	17.06	1	2	Richard Hamilton
937	439	24.8	3.17	8.18	0.388	1.15	3.18	0.360	1.00	1.35	0.746	0.47	1.69	2.16	2.67	1.20	0.18	1.98	1.24	8.49	1	12	Lindsey Hunter
810	533	25.3	2.72	5.50	0.496	0.00	0.00	0.000	1.72	2.43	0.710	1.90	3.77	5.67	0.57	0.49	2.43	2.82	1.24	7.17	1	5	Theo Ratliff
727	510	30.8	5.14	12.65	0.406	0.72	2.33	0.309	3.08	4.08	0.757	1.02	3.17	4.18	3.15	1.50	0.35	2.26	2.14	14.09	1	12	Larry Hughes
766	500	26.0	4.45	9.60	0.463	0.11	0.41	0.267	2.21	2.91	0.761	2.43	4.83	7.26	1.16	0.70	0.61	2.51	1.50	11.21	1	45	Drew Gooden
514	203	23.4	3.76	8.71	0.431	1.14	3.06	0.373	1.88	2.35	0.799	0.69	3.78	4.46	1.19	0.42	0.44	2.71	1.41	10.54	8	34	Andres Nocioni
845	660	31.5	4.12	10.00	0.412	1.37	3.65	0.376	1.67	2.09	0.799	0.36	2.62	2.98	4.96	1.14	0.29	2.89	1.89	11.28	1	12	Kirk Hinrich
606	319	25.6	2.23	5.68	0.393	1.07	2.95	0.363	0.98	1.24	0.784	0.33	1.92	2.25	4.44	0.78	0.06	1.59	1.53	6.51	9	12	Chris Duhon
744	269	27.4	5.28	12.22	0.432	1.57	3.93	0.401	2.76	3.22	0.857	0.45	2.04	2.49	2.51	0.68	0.15	2.31	2.08	14.90	1	2	Ben Gordon
824	542	22.3	2.72	6.69	0.406	0.67	1.96	0.340	1.10	1.57	0.698	0.50	1.73	2.22	1.64	0.51	0.16	1.38	0.99	7.20	1	2	DeShawn Stevenson
816	549	22.9	2.59	4.90	0.528	0.00	0.00	0.000	1.62	2.75	0.587	2.55	3.42	5.97	0.54	0.39	1.36	2.50	1.04	6.79	1	5	Brendan Haywood
553	455	35.0	6.73	16.00	0.421	1.95	5.56	0.351	5.21	6.48	0.803	0.80	3.12	3.92	5.26	1.60	0.24	3.04	3.15	20.62	1	12	Gilbert Arenas
872	732	32.4	5.25	12.11	0.434	0.85	2.45	0.349	2.85	3.36	0.847	1.26	3.75	5.02	2.29	1.33	0.25	2.43	1.83	14.21	1	3	Caron Butler
871	220	22.6	2.61	5.87	0.444	0.41	1.32	0.311	1.98	2.49	0.793	0.25	1.60	1.85	3.37	0.65	0.10	1.05	1.07	7.60	1	12	Antonio Daniels
409	75	17.3	2.18	4.24	0.513	0.00	0.00	0.000	1.37	2.27	0.603	1.66	3.06	4.71	0.36	0.31	1.04	2.17	0.94	5.72	1	5	Etan Thomas
1083	864	34.8	7.09	15.72	0.451	1.07	3.11	0.346	3.25	4.49	0.724	2.36	5.17	7.53	1.63	0.97	0.39	2.38	1.58	18.51	1	34	Antawn Jamison
495	79	18.6	2.93	5.87	0.499	0.01	0.04	0.158	1.04	1.23	0.844	1.12	2.29	3.41	1.19	0.65	0.21	2.42	0.98	6.90	8	4	Darius Songaila
518	103	17.7	2.31	5.66	0.408	1.15	2.99	0.383	0.58	0.68	0.866	0.15	1.58	1.73	1.31	0.36	0.14	1.37	0.71	6.35	1	2	Roger Mason
376	137	24.9	3.17	7.69	0.412	1.16	3.23	0.361	1.02	1.32	0.769	0.48	1.69	2.16	2.28	0.81	0.08	1.99	0.96	8.52	7	12	Charlie Bell
527	164	14.8	1.99	3.98	0.500	0.00	0.02	0.000	0.70	1.40	0.498	1.73	2.69	4.41	0.37	0.46	0.85	2.37	0.68	4.68	1	45	Dan Gadzuric
492	114	12.5	1.26	3.11	0.406	0.33	0.91	0.361	0.48	0.68	0.706	0.30	0.83	1.13	1.02	0.47	0.08	1.54	0.52	3.34	1	12	Royal Ivey
796	525	29.7	5.05	11.59	0.435	1.36	3.59	0.379	1.95	2.24	0.871	0.51	2.32	2.82	4.99	0.90	0.15	2.49	2.30	13.40	1	12	Mo Williams
450	93	14.3	1.50	3.07	0.487	0.00	0.01	0.333	1.04	1.45	0.714	1.25	2.17	3.42	0.53	0.33	0.37	2.59	0.76	4.03	9	5	Jake Voskuhl
629	430	32.0	6.69	14.95	0.447	1.66	4.37	0.380	4.00	4.77	0.838	0.99	2.84	3.83	2.13	0.92	0.10	1.59	1.53	19.03	1	12	Michael Redd
465	228	24.8	3.34	7.64	0.437	0.81	2.05	0.396	1.52	1.85	0.823	1.20	2.65	3.85	1.53	0.85	0.18	2.48	1.12	9.01	1	34	Bobby Simmons
543	131	23.6	4.34	10.27	0.423	1.30	3.45	0.377	2.19	2.63	0.834	0.38	1.65	2.03	1.05	0.57	0.20	1.93	1.13	12.18	8	2	Nick Young
189	33	14.2	1.98	3.74	0.530	0.00	0.00	0.000	1.06	2.03	0.525	0.97	1.93	2.90	0.25	0.34	0.98	2.85	1.14	5.02	4	5	David Harrison
54	9	11.1	1.24	3.35	0.370	0.39	1.04	0.375	0.69	0.96	0.712	0.44	0.81	1.26	1.02	0.33	0.06	1.15	0.69	3.56	2	12	Andre Owens
487	92	22.7	3.71	8.95	0.414	0.67	2.22	0.304	1.80	2.48	0.725	0.39	1.67	2.07	2.25	0.83	0.21	1.63	1.52	9.89	8	2	Flip Murray
1010	697	27.1	5.09	10.92	0.467	0.01	0.09	0.147	2.98	4.17	0.715	1.97	5.22	7.19	1.36	0.47	1.80	2.87	1.85	13.18	1	45	Jermaine O'Neal
547	404	26.4	3.22	8.19	0.393	0.73	2.42	0.299	1.35	1.88	0.716	0.63	2.30	2.93	6.09	1.42	0.28	2.39	2.51	8.50	1	1	Jamaal Tinsley
346	78	17.2	2.53	6.33	0.400	0.83	2.33	0.358	0.50	0.71	0.703	0.30	1.35	1.65	1.02	0.43	0.21	1.33	0.86	6.40	8	12	Kareem Rush
729	482	27.3	3.91	8.78	0.445	0.84	2.16	0.388	2.13	2.71	0.785	1.88	5.95	7.83	1.49	0.66	0.40	2.59	1.22	10.78	1	45	Troy Murphy
586	431	31.5	5.69	13.09	0.434	1.72	4.51	0.380	3.73	4.40	0.848	1.15	3.78	4.93	1.87	0.96	0.82	2.78	1.87	16.82	1	23	Danny Granger
548	146	21.4	3.23	7.18	0.451	0.19	0.80	0.235	1.23	1.70	0.721	0.95	1.88	2.83	1.76	0.93	0.25	1.61	1.18	7.88	1	3	Marquis Daniels
902	553	28.6	4.17	9.44	0.442	1.34	3.58	0.376	2.01	2.50	0.804	0.75	3.70	4.45	2.32	0.76	0.34	2.05	1.46	11.70	1	23	Mike Dunleavy
764	345	20.6	1.93	3.88	0.497	0.01	0.07	0.130	1.04	1.70	0.615	2.75	4.12	6.87	0.92	0.66	0.40	2.51	0.80	4.90	1	5	Jeff Foster
239	43	12.2	1.58	3.55	0.446	0.22	0.72	0.308	0.66	0.86	0.766	0.32	1.45	1.77	0.49	0.24	0.08	1.47	0.65	4.04	6	23	Stephen Graham
567	142	15.7	1.89	4.68	0.404	0.54	1.57	0.346	0.60	0.89	0.673	0.33	1.43	1.76	0.91	0.48	0.17	1.81	0.81	4.91	1	23	Sasha Pavlovic
465	127	19.4	2.52	6.29	0.401	0.65	1.91	0.338	1.51	1.95	0.776	0.72	2.05	2.77	1.46	0.57	0.12	1.61	1.09	7.21	8	3	Devin Brown
3	0	3.4	0.33	1.33	0.250	0.00	0.00	0.000	0.33	0.67	0.500	0.00	0.33	0.33	0.00	0.00	0.00	0.33	0.00	1.00	1	5	Lance Allred
932	931	39.2	9.83	19.81	0.496	1.37	4.03	0.341	6.30	8.47	0.744	1.19	5.96	7.15	6.91	1.70	0.79	1.87	3.37	27.33	1	34	LeBron James
578	208	25.3	3.05	5.94	0.513	0.00	0.07	0.024	1.60	2.53	0.631	2.54	5.06	7.60	1.21	0.90	0.68	2.70	0.99	7.69	1	5	Anderson Varejao
53	0	10.0	0.96	2.85	0.338	0.58	1.92	0.304	0.21	0.25	0.846	0.23	0.75	0.98	0.49	0.47	0.04	0.98	0.36	2.72	3	12	Billy Thomas
1088	912	29.5	2.36	4.98	0.474	0.01	0.05	0.137	1.02	2.46	0.414	3.17	6.47	9.64	1.32	1.26	1.96	1.91	0.98	5.75	1	45	Ben Wallace
657	115	20.5	2.31	5.68	0.407	1.43	3.67	0.390	0.53	0.74	0.727	0.18	1.46	1.63	2.75	0.39	0.03	1.05	0.84	6.58	1	12	Damon Jones
82	0	7.8	0.40	0.79	0.508	0.00	0.01	0.000	0.50	1.01	0.494	1.05	1.28	2.33	0.15	0.13	0.35	1.37	0.32	1.30	6	5	Dwayne Jones
432	258	27.4	3.71	8.27	0.448	0.87	2.34	0.372	1.44	1.74	0.826	0.49	2.44	2.93	3.56	1.08	0.41	1.92	1.62	9.72	8	12	Delonte West
1030	617	26.2	4.20	9.23	0.455	0.03	0.12	0.238	2.45	3.11	0.790	2.38	4.00	6.38	0.98	0.59	0.84	2.89	1.25	10.88	1	34	Joe Smith
651	393	30.8	5.35	11.05	0.485	0.91	2.23	0.406	2.51	2.92	0.860	1.03	2.97	4.00	2.35	0.60	0.25	2.12	1.49	14.12	1	34	Wally Szczerbiak
878	792	33.1	4.93	12.14	0.406	1.41	3.95	0.357	2.13	2.56	0.833	0.80	2.66	3.46	6.12	1.09	0.09	1.94	2.32	13.40	1	12	Damon Stoudamire
776	123	16.3	1.68	3.90	0.429	0.12	0.35	0.352	0.99	1.27	0.779	0.19	1.13	1.32	2.47	0.52	0.02	1.63	1.02	4.46	1	12	Jacque Vaughn
336	128	14.5	1.43	2.49	0.576	0.00	0.01	0.000	0.35	0.57	0.617	1.32	2.18	3.50	0.89	0.26	0.22	2.18	0.67	3.22	6	45	Fabricio Oberto
388	42	15.6	1.69	3.24	0.521	0.00	0.02	0.000	1.16	1.96	0.593	1.38	2.59	3.96	0.36	0.48	0.70	2.48	0.84	4.54	8	5	Ian Mahinmi
885	349	26.6	4.63	10.27	0.450	1.47	3.99	0.368	3.54	4.28	0.826	0.70	3.04	3.75	4.00	1.38	0.31	2.14	2.09	14.26	1	2	Manu Ginobili
1107	481	24.5	2.55	6.00	0.425	0.72	2.10	0.341	1.16	1.59	0.726	1.49	3.27	4.76	2.12	1.05	0.93	2.42	1.24	6.97	1	4	Robert Horry
1032	1019	32.3	6.68	13.49	0.495	0.44	1.35	0.324	2.99	3.97	0.753	0.39	2.51	2.89	5.90	0.91	0.08	1.73	2.46	16.79	1	12	Tony Parker
912	449	25.9	3.18	6.91	0.460	1.53	3.77	0.405	1.43	1.73	0.823	0.49	2.55	3.05	3.17	1.05	0.28	1.92	1.41	9.31	1	12	Brent Barry
873	644	27.6	2.23	5.45	0.409	0.94	2.38	0.393	0.67	1.16	0.575	0.54	2.24	2.78	1.25	0.82	0.38	2.21	0.74	6.06	1	34	Bruce Bowen
771	111	17.1	2.24	4.83	0.463	1.02	2.46	0.414	0.43	0.56	0.779	0.80	2.25	3.05	0.71	0.37	0.27	1.68	0.39	5.93	1	45	Matt Bonner
1354	1352	34.3	7.50	14.82	0.506	0.02	0.12	0.180	4.31	6.19	0.696	2.80	8.16	10.96	3.05	0.74	2.20	2.39	2.46	19.34	1	45	Tim Duncan
644	427	25.3	2.41	5.41	0.445	0.15	0.46	0.318	0.85	1.11	0.765	0.84	2.00	2.84	1.76	0.44	0.42	2.17	0.93	5.81	9	34	Trenton Hassell
1225	951	33.1	6.99	15.92	0.439	1.54	4.12	0.374	3.76	4.70	0.799	1.25	3.48	4.73	3.53	1.08	0.62	2.80	1.96	19.28	1	3	Vince Carter
739	445	26.6	3.96	9.05	0.437	0.80	2.49	0.321	3.22	4.05	0.795	0.33	1.97	2.30	4.58	1.13	0.21	2.30	1.96	11.93	1	12	Devin Harris
317	25	17.8	2.35	5.79	0.406	1.03	2.74	0.375	1.38	1.77	0.784	0.40	2.24	2.64	0.89	0.43	0.26	2.20	0.88	7.10	6	34	Bostjan Nachbar
1030	794	30.8	4.76	10.24	0.464	0.90	2.39	0.378	3.34	4.34	0.769	0.85	3.43	4.28	2.22	0.72	0.32	2.32	1.64	13.76	1	3	Richard Jefferson
419	373	25.2	4.11	8.34	0.494	0.00	0.03	0.143	1.81	2.48	0.730	1.84	3.55	5.40	0.83	0.39	0.68	2.99	1.19	10.05	7	5	Nenad Krstic
575	463	31.6	5.91	13.32	0.443	1.04	2.88	0.361	3.16	3.79	0.834	1.95	4.85	6.80	1.57	0.82	0.51	3.02	2.19	16.01	1	34	Keith Van Horn
840	337	23.7	3.17	7.75	0.409	1.10	3.29	0.334	1.74	2.00	0.871	0.78	1.92	2.70	4.04	1.35	0.12	1.66	1.85	9.18	1	1	Darrell Armstrong
601	93	14.0	0.84	1.96	0.427	0.00	0.01	0.167	0.30	0.63	0.467	1.39	2.30	3.69	0.45	0.38	1.05	2.03	0.59	1.97	1	5	DeSagana Diop
830	494	26.1	3.53	8.20	0.431	0.70	2.02	0.349	1.55	1.80	0.862	0.44	1.82	2.26	4.47	0.98	0.19	2.14	1.62	9.33	1	1	Luke Ridnour
473	139	15.4	2.06	4.47	0.462	0.00	0.03	0.154	0.52	0.77	0.678	1.13	2.75	3.88	0.48	0.41	0.49	2.45	0.79	4.66	8	5	Johan Petro
878	228	22.2	2.41	5.85	0.411	0.57	1.77	0.324	0.99	1.40	0.703	0.53	1.73	2.26	4.41	0.99	0.20	2.00	1.76	6.37	1	1	Earl Watson
957	423	26.2	4.28	9.83	0.435	0.94	2.69	0.350	1.69	2.32	0.731	1.98	4.68	6.66	1.36	0.83	0.89	2.27	1.35	11.20	1	34	Donyell Marshall
97	34	15.4	1.77	3.51	0.506	0.00	0.00	0.000	0.74	1.22	0.610	1.26	2.62	3.88	0.21	0.27	0.89	2.31	0.73	4.29	5	5	Robert Swift
157	8	11.2	1.38	3.24	0.426	0.03	0.08	0.385	0.73	1.30	0.559	0.73	1.42	2.15	0.64	0.36	0.18	1.61	0.57	3.52	6	34	Ronald Dupree
836	173	21.5	2.58	4.83	0.533	0.03	0.12	0.210	1.06	1.46	0.729	2.04	3.40	5.43	1.06	0.52	0.55	2.90	1.00	6.24	1	45	Nick Collison
1208	900	30.3	5.42	11.55	0.469	0.00	0.04	0.120	2.54	3.32	0.764	1.94	4.21	6.15	2.20	0.68	0.26	2.89	2.04	13.38	1	4	Juwan Howard
478	125	15.2	2.17	4.95	0.439	0.01	0.03	0.188	0.53	0.68	0.778	0.97	1.86	2.83	0.48	0.27	0.46	1.88	0.67	4.88	1	34	Malik Allen
563	149	19.3	2.36	5.54	0.427	0.36	1.08	0.330	1.26	1.61	0.783	0.77	1.62	2.39	1.40	0.76	0.23	1.67	0.92	6.34	9	23	Damien Wilkins
628	261	19.9	3.35	6.18	0.541	0.00	0.03	0.000	1.51	2.35	0.643	1.54	3.35	4.90	0.72	0.51	0.39	2.42	1.12	8.20	1	45	Chris Wilcox
507	403	30.3	5.44	12.15	0.448	0.67	2.03	0.332	2.78	3.61	0.770	1.67	4.02	5.69	1.61	1.05	0.54	2.56	1.43	14.34	1	23	Josh Howard
604	69	18.9	3.12	7.45	0.419	0.82	2.39	0.343	1.13	1.42	0.800	0.31	1.67	1.99	3.46	0.39	0.03	1.49	1.43	8.19	9	12	J.J. Barea
987	771	24.3	2.82	5.67	0.498	0.00	0.02	0.125	1.76	2.82	0.626	2.76	4.34	7.10	0.83	0.33	1.42	2.91	1.45	7.41	1	5	Erick Dampier
1391	1350	36.0	4.47	11.18	0.400	1.43	4.10	0.349	2.23	2.84	0.785	1.27	5.00	6.27	8.69	1.93	0.32	1.85	2.87	12.60	1	1	Jason Kidd
554	173	22.7	3.19	7.29	0.437	0.83	2.12	0.391	1.30	1.57	0.829	0.24	1.46	1.70	3.12	0.52	0.02	1.91	1.19	8.50	1	12	Tyronn Lue
1232	672	31.6	5.39	12.09	0.445	1.70	4.49	0.380	2.21	2.61	0.846	0.38	2.10	2.48	4.20	1.20	0.19	1.93	1.89	14.69	1	12	Jason Terry
970	564	31.2	5.55	13.59	0.409	1.02	3.30	0.309	4.79	5.83	0.822	0.95	2.21	3.16	3.34	0.90	0.45	1.87	2.72	16.92	1	3	Jerry Stackhouse
680	313	21.5	2.59	5.40	0.480	0.00	0.01	0.000	2.05	3.20	0.639	2.08	4.40	6.48	0.57	0.33	0.89	2.63	1.47	7.23	1	5	Jamaal Magloire
297	96	19.2	2.08	5.05	0.412	0.52	1.72	0.304	0.76	1.12	0.674	0.53	1.76	2.29	0.99	0.47	0.24	2.01	0.76	5.43	6	23	Antoine Wright
1288	1257	35.4	7.80	16.40	0.476	1.25	3.26	0.383	5.30	6.03	0.879	1.08	6.86	7.93	2.58	0.85	0.89	2.44	1.79	22.14	1	4	Dirk Nowitzki
45	1	5.4	0.73	2.20	0.333	0.33	0.87	0.385	0.11	0.18	0.625	0.07	0.49	0.56	0.11	0.09	0.00	0.47	0.22	1.91	3	3	Jeremy Richardson
391	70	26.7	3.43	6.58	0.522	0.25	0.77	0.329	1.95	2.51	0.779	1.87	2.86	4.73	1.56	0.87	0.47	1.85	1.12	9.07	8	3	Josh Childress
839	341	21.2	2.47	5.35	0.462	0.00	0.03	0.000	2.16	2.90	0.745	2.22	3.56	5.78	1.22	0.71	0.36	2.59	1.38	7.10	1	5	Zaza Pachulia
860	765	33.1	5.83	12.82	0.455	0.49	1.72	0.286	2.74	4.32	0.633	1.97	5.67	7.63	3.18	1.23	1.98	2.78	2.50	14.88	1	4	Josh Smith
1001	950	33.9	5.40	12.40	0.436	1.52	4.00	0.379	2.36	2.94	0.802	0.53	2.57	3.10	5.51	1.17	0.15	1.93	2.13	14.68	1	12	Mike Bibby
334	129	25.6	3.37	8.24	0.409	0.13	0.65	0.193	2.40	3.15	0.762	0.58	1.90	2.49	4.31	1.51	0.12	2.48	1.74	9.27	1	12	Speedy Claxton
119	25	15.7	2.72	5.95	0.458	0.03	0.11	0.231	1.43	1.92	0.746	1.30	2.74	4.04	0.97	0.45	0.39	1.98	1.13	6.90	5	4	Sean May
1000	354	15.9	2.40	4.93	0.486	0.00	0.01	0.000	1.02	1.60	0.639	1.81	2.90	4.70	0.38	0.43	0.64	2.15	0.92	5.82	1	5	Nazr Mohammed
459	84	16.5	2.24	5.44	0.413	0.75	1.95	0.384	1.33	1.58	0.841	0.32	1.56	1.88	0.68	0.49	0.13	1.53	0.65	6.56	1	23	Matt Carroll
832	611	29.7	4.23	9.00	0.469	0.49	1.57	0.312	3.00	4.23	0.709	1.38	4.44	5.81	2.07	1.44	0.82	2.20	1.79	11.94	1	34	Gerald Wallace
590	583	31.7	5.01	9.78	0.512	0.00	0.00	0.000	2.28	3.90	0.584	3.23	6.68	9.91	0.87	0.69	1.66	2.82	1.65	12.30	1	45	Emeka Okafor
652	34	19.9	3.18	7.64	0.417	0.59	1.69	0.348	1.92	2.20	0.876	0.42	0.92	1.35	3.21	0.60	0.05	1.01	1.16	8.88	1	12	Earl Boykins
615	393	29.2	3.93	9.63	0.408	1.05	3.07	0.341	3.05	3.57	0.853	0.72	2.52	3.23	3.39	1.12	0.14	2.00	1.71	11.96	1	12	Derek Anderson
764	717	35.4	6.05	13.22	0.458	0.68	2.06	0.332	2.94	3.81	0.771	1.68	4.49	6.17	2.39	0.99	0.51	1.72	1.74	15.72	1	23	Luol Deng
143	58	16.4	1.76	3.97	0.443	0.10	0.34	0.292	0.89	1.35	0.658	1.17	2.27	3.44	0.99	0.60	0.34	2.47	0.97	4.50	4	4	Viktor Khryapa
20	0	7.1	0.90	2.95	0.305	0.35	1.75	0.200	0.10	0.30	0.333	0.15	0.40	0.55	0.15	0.20	0.05	0.40	0.35	2.25	2	12	Thomas Gardner
846	816	37.7	6.82	15.75	0.433	1.17	3.60	0.325	4.45	5.68	0.784	0.68	2.29	2.97	7.65	1.21	0.14	2.38	3.01	19.26	1	12	Stephon Marbury
186	9	10.9	0.96	2.67	0.361	0.34	1.06	0.320	0.81	0.95	0.847	0.15	0.96	1.11	1.17	0.56	0.08	1.12	0.75	3.07	8	1	Eddie Gill
407	64	19.8	2.04	5.00	0.409	1.01	2.86	0.353	0.97	1.24	0.777	0.90	2.67	3.57	0.88	0.38	0.32	1.70	0.62	6.07	8	4	Anthony Tolliver
18	0	8.1	1.17	2.67	0.438	0.22	0.67	0.333	0.39	0.72	0.538	0.22	0.89	1.11	0.83	0.28	0.00	0.89	0.78	2.94	1	1	Darius Washington
12	0	11.3	1.58	5.00	0.317	0.42	1.92	0.217	0.67	1.00	0.667	0.33	1.00	1.33	0.67	0.25	0.17	0.67	0.50	4.25	1	2	Robert Hite
2	0	4.8	0.50	2.00	0.250	0.00	0.00	0.000	0.00	0.00	0.000	0.00	1.00	1.00	0.00	0.00	0.00	0.50	0.00	1.00	1	12	Keith Langford
19	0	4.4	0.42	1.05	0.400	0.16	0.47	0.333	0.16	0.21	0.750	0.26	0.37	0.63	0.11	0.11	0.11	0.47	0.16	1.16	5	34	Kaniel Dickens
846	551	27.3	2.53	5.97	0.424	0.07	0.31	0.208	1.71	2.24	0.763	0.50	2.04	2.53	5.02	1.15	0.12	2.38	1.64	6.85	1	12	Eric Snow
344	136	17.2	2.24	5.44	0.411	0.80	2.37	0.336	0.89	1.13	0.789	0.56	1.68	2.24	0.88	0.58	0.43	1.74	1.01	6.17	8	23	DerMarr Johnson
587	159	21.7	2.43	4.84	0.502	0.00	0.04	0.038	1.73	2.68	0.645	2.47	3.91	6.38	0.81	1.05	0.22	2.09	1.00	6.58	9	4	Jerome Williams
1110	650	24.5	3.46	7.11	0.486	0.01	0.03	0.281	1.16	1.53	0.760	1.73	4.87	6.60	1.08	0.65	0.76	3.22	1.12	8.08	1	45	Kurt Thomas
579	165	17.4	2.12	5.37	0.395	0.95	2.64	0.361	1.26	1.45	0.875	0.17	1.24	1.41	2.79	0.61	0.06	1.70	1.07	6.46	1	1	Chris Whitney
233	4	6.7	0.77	1.64	0.470	0.00	0.01	0.000	0.23	0.38	0.607	0.55	0.95	1.51	0.18	0.16	0.61	1.23	0.37	1.78	7	45	D.J. Mbenga
1424	892	26.9	4.98	10.23	0.487	0.03	0.13	0.211	2.12	2.98	0.713	2.90	5.46	8.36	0.93	0.67	0.52	2.93	1.77	12.12	2	5	Kevin Willis
26	0	10.3	1.77	3.15	0.561	0.00	0.08	0.000	0.58	0.85	0.682	1.31	2.12	3.42	0.42	0.31	0.42	0.96	0.50	4.12	1	34	Nick Fazekas
109	15	12.3	1.71	3.77	0.453	0.21	0.65	0.324	1.06	1.30	0.817	0.39	0.96	1.35	0.49	0.62	0.01	0.94	0.65	4.69	3	23	Tarence Kinsey
300	58	15.4	2.03	5.06	0.401	0.60	1.75	0.341	1.17	1.40	0.831	0.25	1.10	1.35	2.51	0.55	0.04	1.71	1.08	5.82	6	12	Dan Dickau
232	11	9.7	0.94	2.33	0.402	0.15	0.46	0.321	0.53	0.72	0.741	0.25	0.74	0.98	1.17	0.35	0.04	0.93	0.50	2.55	9	12	Mike Wilks
949	795	31.9	4.48	10.56	0.424	1.18	3.21	0.368	2.34	2.98	0.786	0.55	1.98	2.53	4.38	1.35	0.17	2.43	1.91	12.48	1	12	David Wesley
1380	839	30.8	5.35	12.23	0.438	0.91	2.55	0.356	2.58	3.74	0.689	1.34	3.23	4.57	2.24	1.02	1.01	3.03	1.81	14.19	1	4	Cliff Robinson
151	9	12.1	1.38	3.01	0.459	0.00	0.01	0.000	0.39	0.54	0.728	1.26	2.17	3.43	0.43	0.21	0.37	1.69	0.49	3.16	3	4	Joel Freeland
69	2	12.3	1.99	3.68	0.539	0.00	0.00	0.000	1.00	1.29	0.775	1.06	1.91	2.97	0.43	0.29	0.45	2.07	1.06	4.97	3	5	Jackie Butler
49	1	9.3	1.37	2.39	0.573	0.00	0.02	0.000	0.63	1.82	0.348	1.45	1.90	3.35	0.04	0.20	0.43	1.39	0.39	3.37	2	5	Justin Williams
5	0	4.9	0.60	1.40	0.429	0.00	0.00	0.000	0.00	0.00	0.000	0.60	0.60	1.20	0.20	0.00	0.00	0.60	0.20	1.20	2	45	Courtney Sims
443	109	20.1	3.71	8.76	0.423	1.34	3.67	0.365	1.44	1.76	0.818	0.54	1.98	2.52	1.02	0.53	0.31	2.00	1.30	10.19	8	23	Gerald Green
729	421	24.9	2.77	6.72	0.412	0.02	0.16	0.134	1.77	2.24	0.789	0.39	2.06	2.45	6.15	1.69	0.12	2.55	1.88	7.33	1	12	Brevin Knight
418	319	25.6	4.59	8.24	0.556	0.00	0.02	0.111	2.36	3.42	0.690	2.41	5.30	7.71	1.17	0.32	1.57	2.46	1.54	11.54	9	5	Andrew Bynum
137	9	10.5	1.27	3.15	0.404	0.00	0.03	0.000	0.91	1.20	0.752	0.55	0.80	1.36	0.50	0.23	0.14	1.60	0.58	3.45	3	34	Justin Reed
34	0	4.9	0.38	1.35	0.283	0.09	0.35	0.250	0.29	0.47	0.625	0.18	0.29	0.47	0.38	0.18	0.00	0.32	0.21	1.15	2	34	Yaroslav Korolev
249	39	20.2	3.71	8.61	0.431	1.17	3.18	0.368	1.37	1.85	0.741	0.46	1.57	2.03	1.33	0.73	0.24	2.35	1.45	9.96	4	12	Rashad McCants
237	8	12.3	1.91	4.98	0.384	0.69	2.00	0.345	0.32	0.42	0.768	0.24	0.76	1.00	1.52	0.36	0.01	0.82	0.54	4.83	8	1	John Lucas
377	84	16.2	2.27	4.71	0.483	0.14	0.48	0.300	1.25	1.53	0.815	0.72	2.08	2.81	0.55	0.36	0.11	2.13	0.82	5.94	6	12	Joey Graham
857	841	34.1	6.49	14.80	0.438	1.88	5.07	0.370	2.24	3.17	0.707	1.21	3.75	4.95	2.67	1.16	0.43	2.29	1.75	17.09	1	23	Jason Richardson
162	9	4.9	0.35	0.77	0.448	0.01	0.06	0.200	0.25	0.44	0.563	0.37	0.51	0.88	0.31	0.28	0.05	0.83	0.19	0.95	4	12	Mario West
23	1	4.2	0.48	1.09	0.440	0.00	0.00	0.000	0.26	0.52	0.500	0.30	0.35	0.65	0.78	0.26	0.00	0.57	0.48	1.22	2	3	Julius Hodge
793	333	28.0	3.96	8.98	0.441	0.74	2.12	0.348	2.37	2.78	0.854	0.32	2.53	2.84	4.43	0.80	0.12	1.84	1.99	11.04	1	12	Jarrett Jack
549	137	21.6	2.85	6.66	0.427	1.06	2.96	0.357	1.12	1.40	0.799	0.51	2.04	2.55	1.36	0.80	0.71	2.24	0.99	7.87	1	23	Francisco Garcia
409	65	20.0	3.10	7.12	0.435	0.95	2.82	0.335	1.56	2.04	0.763	0.95	2.65	3.59	0.78	0.39	0.18	2.17	1.00	8.71	7	34	Linas Kleiza
51	2	9.9	1.31	2.80	0.469	0.00	0.00	0.000	0.69	0.80	0.854	0.84	1.10	1.94	0.22	0.29	0.02	1.63	0.53	3.31	2	34	Wayne Simien
595	361	23.7	3.77	8.22	0.458	0.52	1.48	0.352	1.00	1.43	0.703	1.54	4.41	5.95	1.89	0.39	1.01	2.63	1.49	9.06	8	5	Spencer Hawes
249	10	24.0	2.97	7.44	0.399	1.66	4.61	0.360	1.45	1.73	0.840	0.51	1.93	2.44	2.22	1.00	0.16	1.48	1.15	9.05	4	2	Rudy Fernandez
38	1	9.5	1.13	2.97	0.381	0.18	0.63	0.292	0.68	0.92	0.743	0.26	0.95	1.21	0.32	0.32	0.11	1.11	0.50	3.13	3	23	Morris Almond
327	152	19.6	3.10	5.56	0.558	0.00	0.02	0.000	1.94	2.80	0.692	1.66	3.53	5.19	1.23	0.57	0.61	1.94	1.13	8.14	5	34	Tiago Splitter
16	4	19.0	2.00	4.44	0.451	0.00	0.00	0.000	1.19	2.00	0.594	1.62	1.69	3.31	0.19	0.81	1.38	2.19	0.94	5.19	1	34	Stephane Lasme
827	826	35.5	6.43	11.09	0.580	0.01	0.06	0.104	5.16	9.02	0.572	3.54	9.20	12.74	1.52	0.99	2.11	3.30	3.08	18.03	1	5	Dwight Howard
567	178	22.4	2.72	5.78	0.471	0.02	0.10	0.186	1.28	1.61	0.795	0.64	1.95	2.59	3.36	0.77	0.39	1.92	1.44	6.75	1	12	Shaun Livingston
139	75	11.4	1.12	2.77	0.405	0.01	0.03	0.250	0.55	0.81	0.679	0.89	1.95	2.84	0.29	0.37	0.12	2.16	0.80	2.80	3	5	Babby Araujo
860	758	35.8	4.92	10.64	0.462	0.95	2.84	0.335	3.00	4.18	0.716	1.01	4.44	5.45	4.66	1.67	0.48	1.93	2.19	13.78	1	3	Andre Iguodala
72	3	10.0	1.17	3.26	0.357	0.44	1.24	0.360	0.72	0.99	0.732	0.38	0.86	1.24	0.81	0.33	0.04	0.99	0.68	3.50	4	3	Luke Jackson
516	311	21.6	2.78	4.67	0.594	0.00	0.00	0.000	0.74	1.48	0.500	2.31	4.73	7.04	0.91	0.64	1.12	3.15	0.93	6.29	1	5	Andris Biedrins
564	193	21.5	2.73	7.01	0.390	0.64	2.01	0.319	1.31	1.68	0.777	0.27	1.33	1.59	3.48	0.73	0.13	2.12	1.52	7.42	1	1	Sebastian Telfair
708	195	18.4	2.69	5.75	0.468	0.03	0.10	0.254	1.44	2.08	0.693	1.82	3.78	5.60	0.71	0.42	0.59	1.86	0.90	6.85	1	4	Kris Humphries
783	648	31.0	7.25	14.52	0.499	0.01	0.08	0.129	2.39	3.37	0.708	2.44	6.59	9.04	1.56	0.74	1.32	2.65	1.45	16.89	1	45	Al Jefferson
780	236	26.6	4.75	11.23	0.423	1.94	5.22	0.372	1.75	2.38	0.735	0.54	2.72	3.26	2.25	1.01	0.22	2.29	1.48	13.19	1	2	J.R. Smith
549	222	22.4	3.02	7.12	0.424	1.12	3.08	0.365	1.21	1.50	0.806	0.68	3.13	3.81	1.55	0.76	0.49	1.44	0.87	8.37	1	34	Dorell Wright
735	585	28.5	4.59	10.47	0.438	1.34	3.63	0.369	1.53	1.89	0.813	0.51	2.54	3.04	5.23	0.93	0.07	2.55	2.18	12.05	1	12	Jameer Nelson
6	0	4.7	0.00	0.33	0.000	0.00	0.00	0.000	0.67	1.33	0.500	0.00	1.50	1.50	0.00	0.00	0.17	0.67	0.67	0.67	2	5	Pavel Podkolzin
687	341	21.5	3.08	6.47	0.476	0.14	0.51	0.270	1.73	2.39	0.721	1.11	2.14	3.26	1.34	1.39	0.43	2.34	1.37	8.03	1	2	Tony Allen
681	502	30.9	5.55	12.65	0.439	1.64	4.26	0.385	5.14	5.90	0.870	0.58	2.69	3.26	1.94	0.92	0.11	1.93	1.72	17.88	1	2	Kevin Martin
495	37	15.9	1.92	4.90	0.392	0.94	2.58	0.366	0.74	0.86	0.866	0.36	1.52	1.87	1.29	0.61	0.06	1.59	0.58	5.53	8	12	Sasha Vujacic
764	267	22.4	3.39	7.32	0.463	0.58	1.66	0.349	1.26	1.52	0.829	0.39	1.71	2.10	3.46	0.73	0.09	1.59	1.45	8.62	1	12	Beno Udrih
737	436	28.1	3.67	8.60	0.427	1.10	3.18	0.346	1.66	2.34	0.710	1.12	3.66	4.77	2.08	1.44	0.33	2.04	1.47	10.10	1	3	Trevor Ariza
1	0	1.4	0.00	0.00	0.000	0.00	0.00	0.000	2.00	2.00	1.000	1.00	0.00	1.00	0.00	0.00	0.00	0.00	0.00	2.00	1	12	Tim Pickett
128	19	14.9	1.66	3.97	0.417	0.04	0.24	0.161	1.15	1.46	0.786	0.67	1.79	2.46	0.98	0.85	0.12	1.68	0.86	4.50	3	23	Bernard Robinson
46	4	6.9	0.61	1.17	0.519	0.00	0.00	0.000	0.30	0.61	0.500	0.43	1.02	1.46	0.07	0.09	0.28	1.35	0.57	1.52	2	5	Ha Seung-Jin
76	29	11.6	1.04	2.50	0.416	0.00	0.00	0.000	0.80	1.18	0.678	1.03	1.79	2.82	0.16	0.45	0.32	2.18	0.54	2.88	3	45	Pape Sow
31	0	8.8	0.74	2.32	0.319	0.16	0.94	0.172	1.10	1.35	0.810	0.16	0.55	0.71	0.90	0.23	0.03	1.06	0.94	2.74	1	2	Vassilis Spanoulis
42	11	14.0	1.26	4.31	0.293	0.40	1.81	0.224	0.24	0.33	0.714	0.57	1.45	2.02	0.64	0.38	0.07	1.26	0.48	3.17	2	45	Matt Freije
81	1	9.7	0.98	2.52	0.387	0.05	0.21	0.235	0.30	0.52	0.571	0.06	0.54	0.60	1.28	0.41	0.01	0.86	0.59	2.30	2	12	Antonio Burks
14	0	5.2	0.43	0.93	0.462	0.00	0.07	0.000	0.57	0.93	0.615	0.14	0.43	0.57	0.07	0.14	0.07	0.43	0.21	1.43	2	23	Andre Emmett
61	0	9.2	0.97	2.30	0.421	0.13	0.43	0.308	0.64	0.98	0.650	0.36	0.72	1.08	0.79	0.51	0.08	1.15	0.48	2.70	2	23	Donta Smith
36	0	12.0	1.17	3.47	0.336	0.33	1.36	0.245	0.42	0.67	0.625	0.11	0.75	0.86	1.42	0.36	0.00	0.83	0.67	3.08	1	12	Lionel Chalmers
6	0	3.3	0.83	1.67	0.500	0.00	0.00	0.000	0.17	0.33	0.500	0.17	0.50	0.67	0.00	0.00	0.17	0.67	0.50	1.83	2	5	Peter John Ramos
87	20	12.8	1.24	3.05	0.408	0.00	0.03	0.000	0.79	1.37	0.580	1.11	1.89	3.00	0.59	0.43	0.34	2.10	0.98	3.28	2	45	Jackson Vroman
16	0	4.8	0.88	1.81	0.483	0.31	0.62	0.500	0.12	0.12	1.000	0.06	0.12	0.19	0.69	0.12	0.00	0.56	0.69	2.19	1	12	Luis Flores
375	55	16.0	2.09	4.54	0.460	0.00	0.01	0.000	1.14	1.82	0.625	1.19	2.05	3.24	0.70	0.26	0.56	2.04	1.05	5.31	9	45	Melvin Ely
85	1	9.1	0.92	2.67	0.344	0.00	0.04	0.000	0.48	0.89	0.539	1.01	1.21	2.22	0.21	0.24	0.21	1.33	0.56	2.32	3	34	Ryan Humphrey
72	12	11.9	1.42	3.69	0.383	0.49	1.33	0.365	0.58	0.88	0.667	0.29	0.93	1.22	0.40	0.32	0.32	1.28	0.89	3.90	3	34	Chris Jefferies
75	54	26.1	3.64	9.13	0.399	0.87	2.69	0.322	1.37	2.15	0.640	0.36	2.24	2.60	4.67	1.15	0.23	2.39	2.28	9.52	2	12	Jay Williams
103	28	21.4	3.44	9.39	0.366	0.89	2.79	0.321	1.59	2.07	0.770	0.28	1.10	1.38	1.89	0.67	0.14	2.06	1.32	9.36	4	12	Dajuan Wagner
172	16	11.4	1.10	3.64	0.304	0.25	1.06	0.235	0.49	0.67	0.730	0.63	1.15	1.78	0.66	0.27	0.30	1.32	0.73	2.95	4	34	Nikoloz Tskitishvili
797	660	32.0	7.27	13.55	0.536	0.04	0.16	0.236	5.14	6.75	0.761	2.47	5.58	8.05	1.28	0.78	1.27	3.26	2.39	19.71	1	45	Amar'e Stoudemire
89	8	9.6	1.40	3.21	0.437	0.08	0.22	0.350	0.61	0.92	0.659	0.57	0.90	1.47	0.18	0.17	0.38	1.12	0.44	3.49	4	45	Marcus Haislip
83	23	13.4	1.16	2.75	0.421	0.00	0.01	0.000	0.80	1.07	0.742	1.19	2.16	3.35	0.77	0.17	0.55	2.41	0.84	3.11	3	5	Curtis Borchardt
35	0	4.1	0.57	1.69	0.339	0.11	0.23	0.500	0.23	0.26	0.889	0.29	0.46	0.74	0.20	0.17	0.06	0.60	0.11	1.49	1	5	Efthimios Rentzias
895	429	26.4	3.36	7.80	0.431	0.81	2.22	0.366	1.73	2.17	0.799	0.49	2.42	2.91	2.44	0.85	0.27	1.86	1.32	9.26	1	23	John Salmons
86	3	11.1	1.07	3.03	0.352	0.28	0.93	0.300	0.52	0.63	0.833	0.15	0.74	0.90	1.93	0.40	0.13	1.01	0.97	2.94	3	12	Frankie Williams
247	102	18.6	2.09	5.18	0.403	0.48	1.39	0.343	1.49	1.99	0.752	0.49	1.95	2.44	1.52	0.76	0.06	1.60	1.06	6.15	4	34	Jiri Welsch
233	73	15.5	2.42	5.00	0.485	0.00	0.01	0.000	1.67	2.42	0.689	1.72	2.77	4.48	0.62	0.31	0.46	2.44	1.19	6.51	4	4	Mike Sweetney
622	157	15.7	1.92	4.37	0.439	0.17	0.52	0.330	1.35	1.79	0.751	0.40	1.33	1.73	0.84	0.42	0.23	1.93	0.81	5.35	1	23	Dahntay Jones
507	170	22.8	2.90	7.24	0.401	1.34	3.66	0.365	0.97	1.28	0.758	0.57	3.01	3.58	1.75	0.91	0.17	1.63	1.00	8.12	9	2	Carlos Delfino
429	306	27.7	4.26	9.84	0.433	0.30	1.02	0.289	2.36	2.90	0.815	0.69	2.41	3.10	5.82	1.16	0.13	2.27	2.44	11.18	9	1	T.J. Ford
759	601	28.8	4.69	8.63	0.544	0.01	0.05	0.108	2.97	4.43	0.669	1.92	4.73	6.65	1.99	1.18	0.83	3.22	1.98	12.35	1	5	Maybyner Nene
167	24	12.3	1.68	3.72	0.452	0.21	0.59	0.357	0.56	0.93	0.603	0.64	1.66	2.31	0.63	0.43	0.17	1.35	0.83	4.14	4	34	Qyntel Woods
801	792	36.1	8.66	17.68	0.489	0.48	1.67	0.288	6.16	8.04	0.766	1.26	3.60	4.87	5.86	1.70	0.91	2.36	3.40	23.95	1	2	Dwyane Wade
861	849	35.8	6.94	14.04	0.494	0.29	0.89	0.329	5.04	6.31	0.799	2.21	6.37	8.57	1.99	0.82	1.07	2.43	2.04	19.21	1	4	Chris Bosh
854	854	36.4	8.93	19.69	0.454	1.12	3.25	0.345	6.13	7.56	0.812	1.89	4.68	6.57	3.07	1.09	0.48	2.95	2.88	25.11	1	34	Carmelo Anthony
557	172	21.5	2.92	6.86	0.425	1.22	3.43	0.355	1.26	1.89	0.665	0.79	2.30	3.09	0.80	0.67	0.41	2.28	1.03	8.31	1	23	Mickael Pietrus
348	37	16.0	2.13	4.93	0.432	0.36	1.10	0.327	1.30	1.70	0.768	0.29	1.20	1.49	2.09	0.76	0.16	1.94	1.25	5.92	8	12	Marcus Banks
71	1	8.5	0.68	2.08	0.324	0.10	0.37	0.269	0.28	0.46	0.606	0.13	0.62	0.75	0.70	0.24	0.04	0.56	0.37	1.73	3	12	Reece Gaines
6	0	5.7	0.67	3.00	0.222	0.00	0.67	0.000	0.50	0.50	1.000	0.50	0.17	0.67	0.67	0.17	0.00	1.00	1.00	1.83	2	12	Troy Bell
840	725	31.3	6.15	12.56	0.490	0.06	0.23	0.253	2.88	3.52	0.819	1.93	5.13	7.06	2.24	0.77	0.81	2.48	1.74	15.24	1	4	David West
940	527	28.3	3.74	7.58	0.494	0.47	1.37	0.342	1.05	1.47	0.714	1.25	3.35	4.60	3.62	0.65	0.52	2.25	1.85	9.00	1	4	Boris Diaw
147	10	10.8	1.34	3.31	0.405	0.25	0.87	0.289	0.88	1.31	0.677	0.32	1.03	1.35	1.12	0.39	0.05	1.61	0.82	3.82	3	23	Zoran Planinic
622	98	20.9	3.21	7.58	0.423	0.55	1.64	0.337	1.51	2.03	0.744	0.77	2.40	3.17	0.83	0.53	0.61	1.66	0.82	8.48	1	34	Travis Outlaw
421	74	13.4	2.17	4.95	0.439	0.62	1.63	0.382	0.52	0.67	0.783	0.73	1.92	2.65	0.60	0.32	0.32	1.87	0.60	5.49	9	4	Brian Cook
19	0	4.5	0.89	1.84	0.486	0.00	0.05	0.000	0.32	0.68	0.462	0.42	0.58	1.00	0.21	0.05	0.26	0.68	0.32	2.11	2	34	Ndudi Ebi
748	563	22.2	2.24	4.22	0.531	0.00	0.02	0.000	1.06	1.77	0.597	1.71	4.18	5.90	1.05	0.34	1.19	2.78	1.59	5.53	1	5	Kendrick Perkins
736	112	22.6	4.23	9.20	0.460	1.27	3.25	0.390	1.57	1.92	0.817	0.39	1.69	2.08	2.23	0.86	0.15	2.03	1.33	11.30	1	12	Leandro Barbosa
64	0	9.9	1.47	3.61	0.407	0.03	0.12	0.250	0.39	0.58	0.676	0.58	1.64	2.22	0.34	0.12	0.16	1.27	0.55	3.36	3	45	Maciej Lampe
508	87	17.9	2.63	5.96	0.442	0.90	2.07	0.434	0.53	0.63	0.835	0.32	1.34	1.66	0.82	0.35	0.05	1.53	0.64	6.69	9	3	Jason Kapono
564	138	17.2	1.86	4.34	0.429	0.32	0.99	0.326	0.65	0.91	0.715	0.85	1.96	2.82	2.34	0.55	0.18	1.44	1.06	4.70	1	34	Luke Walton
2	0	2.5	0.50	1.50	0.333	0.00	0.00	0.000	0.00	0.00	0.000	0.00	0.50	0.50	0.00	0.00	0.00	0.00	0.00	1.00	2	4	Jerome Beasley
833	345	24.2	2.40	6.00	0.401	1.21	3.14	0.384	0.59	0.76	0.777	0.29	1.82	2.11	3.98	0.69	0.07	1.48	1.41	6.60	1	12	Steve Blake
1	0	3.0	0.00	1.00	0.000	0.00	0.00	0.000	0.00	0.00	0.000	0.00	0.00	0.00	0.00	0.00	0.00	1.00	0.00	0.00	1	5	Slavko Vranes
2	0	15.9	1.00	1.50	0.667	0.00	0.00	0.000	0.00	0.00	0.000	0.50	1.50	2.00	3.50	0.00	0.00	2.00	2.00	2.00	3	12	Derrick Zimmerman
731	297	20.2	3.31	7.77	0.425	0.71	2.04	0.346	0.97	1.27	0.765	0.33	1.45	1.78	1.39	0.54	0.15	1.72	0.96	8.29	1	2	Willie Green
671	333	21.7	2.21	5.60	0.394	1.06	3.01	0.353	0.86	1.21	0.716	0.58	2.13	2.71	1.29	0.64	0.10	1.82	0.86	6.34	1	23	Keith Bogans
11	0	5.0	0.36	0.82	0.444	0.00	0.00	0.000	0.27	0.45	0.600	0.45	0.55	1.00	0.18	0.00	0.27	1.27	0.18	1.00	4	5	James Lang
634	91	16.5	1.78	4.47	0.398	1.15	2.87	0.398	0.80	0.95	0.845	0.35	1.56	1.91	0.55	0.34	0.32	1.37	0.34	5.50	1	3	James Jones
907	339	26.3	3.46	7.80	0.443	1.96	4.53	0.432	1.18	1.34	0.881	0.32	2.80	3.13	1.82	0.71	0.34	2.19	1.10	10.05	1	3	Kyle Korver
67	12	9.4	1.34	2.82	0.476	0.00	0.04	0.000	0.60	1.22	0.488	1.12	1.67	2.79	0.33	0.25	0.12	1.22	0.66	3.28	2	5	Brandon Hunter
13	4	6.2	0.62	1.31	0.471	0.00	0.00	0.000	0.08	0.15	0.500	0.15	0.46	0.62	0.08	0.00	0.00	1.46	0.69	1.31	1	5	Andreas Glyniadakis
103	0	12.3	1.97	4.48	0.440	0.34	0.98	0.347	0.58	0.86	0.674	0.72	2.12	2.83	0.55	0.19	0.20	1.54	0.57	4.86	2	45	David Andersen
861	776	31.2	6.79	13.03	0.521	0.00	0.02	0.071	2.65	3.67	0.722	2.37	7.15	9.51	2.24	0.89	0.41	3.03	2.12	16.23	1	4	Carlos Boozer
59	39	23.4	2.85	7.25	0.393	0.36	1.32	0.269	0.83	1.05	0.790	0.61	2.14	2.75	2.20	0.97	0.56	2.46	1.37	6.88	2	34	Vincent Yarbrough
9	0	3.9	0.33	1.33	0.250	0.00	0.33	0.000	0.56	0.89	0.625	0.11	0.67	0.78	0.56	0.33	0.11	0.44	0.33	1.22	2	12	Tito Maddox
73	0	7.8	1.07	2.29	0.467	0.00	0.01	0.000	0.58	0.90	0.636	1.04	1.53	2.58	0.15	0.14	0.22	2.12	0.56	2.71	2	5	Mario Kasun
Sr	-	-	-	-	-	-	-	-	-	-	-	-	-	-	-	-	-	-	-	-	1	5	Jason Jennings
162	5	11.6	1.52	3.27	0.466	0.01	0.03	0.200	0.88	1.33	0.657	1.10	1.85	2.94	0.25	0.23	0.36	2.00	0.67	3.93	4	4	Lonny Baxter
1	0	6.0	2.00	3.00	0.667	0.00	0.00	0.000	0.00	0.00	0.000	1.00	0.00	1.00	0.00	0.00	0.00	0.00	1.00	4.00	1	3	Chris Owens
4	0	2.6	0.25	0.25	1.000	0.00	0.00	0.000	0.00	0.00	0.000	0.25	0.00	0.25	0.00	0.00	0.00	0.50	0.00	0.50	3	34	Randy Holcomb
10	0	11.0	1.00	3.10	0.323	0.00	0.00	0.000	0.70	1.20	0.583	1.20	1.30	2.50	0.30	0.30	0.40	1.90	0.20	2.70	2	4	Corsley Edwards
66	0	7.8	1.11	3.06	0.361	0.20	0.73	0.271	0.21	0.39	0.538	0.36	0.70	1.06	0.47	0.39	0.06	1.08	0.59	2.62	3	23	Tamar Slay
72	5	8.7	0.74	1.50	0.491	0.00	0.01	0.000	0.50	0.93	0.537	1.11	2.25	3.36	0.36	0.12	0.44	1.26	0.46	1.97	5	45	Jamal Sampson
So	-	-	-	-	-	-	-	-	-	-	-	-	-	-	-	-	-	-	-	-	1	12	Marcus Taylor
782	266	21.7	2.90	7.21	0.402	1.16	3.20	0.362	0.75	1.01	0.748	0.38	2.06	2.44	0.83	0.36	0.51	1.43	0.68	7.70	1	23	Rasual Butler
44	4	7.4	0.34	1.20	0.283	0.00	0.00	0.000	0.48	1.07	0.447	0.61	0.95	1.57	0.36	0.32	0.14	1.34	0.39	1.16	2	4	Robert Archibald
803	299	23.1	3.00	6.73	0.445	1.00	2.98	0.336	1.09	1.48	0.736	1.16	3.30	4.46	1.70	0.76	0.47	2.50	1.20	8.09	1	23	Matt Barnes
113	26	18.9	2.48	5.77	0.429	0.40	1.15	0.346	1.13	1.33	0.853	0.27	1.44	1.72	3.79	0.74	0.04	2.46	1.96	6.49	3	1	Raul Lopez
886	694	24.4	3.17	6.09	0.521	0.00	0.01	0.083	1.35	1.91	0.706	2.58	5.25	7.84	0.52	0.49	1.74	2.94	1.43	7.69	1	5	Samuel Dalembert
108	0	6.5	0.94	2.66	0.352	0.23	0.69	0.333	0.11	0.19	0.600	0.20	0.38	0.58	0.22	0.20	0.04	0.77	0.34	2.21	4	2	Brandon Armstrong
82	4	12.9	0.82	2.70	0.303	0.16	0.54	0.295	0.70	1.01	0.687	0.82	1.51	2.33	0.82	0.59	0.15	1.15	0.50	2.49	3	2	Jeryl Sasser
25	0	5.0	0.44	1.88	0.234	0.00	0.24	0.000	0.32	0.40	0.800	0.20	0.48	0.68	0.68	0.24	0.00	0.28	0.52	1.20	3	2	Joseph Forte
27	0	5.0	0.48	2.07	0.232	0.00	0.22	0.000	0.22	0.44	0.500	0.19	0.81	1.00	0.30	0.00	0.22	0.70	0.37	1.19	4	4	Kirk Haston
737	211	21.9	2.91	7.02	0.415	1.32	3.48	0.378	0.83	1.09	0.758	0.89	2.89	3.78	1.35	0.73	0.36	2.11	1.13	7.98	1	4	Vladimir Radmanovic
143	36	13.5	1.42	3.50	0.405	0.32	1.17	0.274	0.40	0.62	0.640	0.69	1.74	2.43	0.72	0.59	0.20	1.19	0.45	3.56	4	23	Kedrick Brown
218	21	15.4	2.83	6.67	0.424	0.42	1.33	0.314	0.99	1.32	0.749	0.52	1.71	2.22	1.09	0.54	0.30	1.42	1.31	7.06	4	34	Rodney White
1004	991	35.4	6.99	13.65	0.512	0.05	0.19	0.280	4.25	5.64	0.753	2.71	6.74	9.44	3.23	0.52	1.67	2.26	2.29	18.27	1	45	Pau Gasol
935	737	28.7	3.27	5.53	0.590	0.00	0.01	0.000	2.25	3.49	0.645	3.20	6.10	9.30	0.84	0.57	1.30	2.98	1.50	8.78	1	5	Tyson Chandler
173	13	11.6	1.26	2.66	0.474	0.01	0.08	0.143	0.26	0.51	0.511	1.29	2.13	3.42	0.54	0.14	0.27	1.16	0.65	2.79	5	34	Michael Bradley
303	116	22.2	2.82	7.47	0.377	0.78	2.48	0.315	0.75	1.11	0.671	1.64	4.12	5.76	0.78	0.35	1.71	1.67	0.75	7.17	6	34	Eddie Griffin
27	4	9.9	1.19	3.33	0.356	0.15	0.56	0.267	0.33	0.37	0.900	0.19	0.59	0.78	1.48	0.70	0.04	1.11	0.63	2.85	3	1	Erick Barkley
341	214	18.2	2.97	5.96	0.498	0.00	0.02	0.167	1.25	1.79	0.701	1.65	2.24	3.89	0.52	0.20	0.39	2.14	0.80	7.19	8	5	Primoz Brezec
315	168	15.9	1.84	3.76	0.490	0.00	0.00	0.000	1.07	1.63	0.657	1.38	2.54	3.93	0.32	0.23	0.71	2.19	0.85	4.75	7	5	Jake Tsakalidis
95	1	10.2	1.02	2.83	0.361	0.00	0.02	0.000	0.60	1.07	0.559	0.88	1.62	2.51	0.39	0.31	0.45	1.72	0.76	2.64	3	5	Dalibor Bagaric
711	486	27.2	3.86	9.24	0.418	1.42	3.80	0.373	1.58	2.05	0.772	0.80	2.69	3.49	1.53	0.90	0.19	2.26	1.01	10.73	1	12	Morris Peterson
997	572	26.8	3.86	9.06	0.426	1.25	3.26	0.384	2.08	2.65	0.784	0.65	3.33	3.98	2.84	0.75	0.30	2.41	1.58	11.06	1	34	Hedo Turkoglu
728	86	19.4	2.49	5.98	0.416	0.61	1.75	0.349	1.38	1.72	0.799	0.18	1.14	1.32	2.20	0.64	0.10	1.68	1.10	6.96	1	12	Keyon Dooling
592	395	19.8	1.51	2.74	0.552	0.00	0.01	0.000	0.85	1.52	0.557	1.88	4.31	6.19	0.43	0.27	1.41	2.71	0.97	3.87	1	5	Joel Przybilla
446	190	26.3	4.20	8.91	0.472	0.05	0.29	0.168	1.65	2.80	0.590	1.29	3.62	4.91	1.88	0.86	1.11	2.30	2.00	10.11	9	34	Darius Miles
757	667	30.6	5.12	10.61	0.483	0.09	0.37	0.234	1.99	3.17	0.629	1.73	5.08	6.81	1.90	1.18	1.14	3.30	1.74	12.32	1	34	Kenyon Martin
436	256	20.1	2.87	6.26	0.459	0.01	0.03	0.231	1.73	2.45	0.704	1.98	3.30	5.28	0.51	0.29	1.02	2.90	1.23	7.48	9	5	Chris Mihm
289	35	20.9	3.81	8.77	0.435	0.07	0.38	0.191	1.92	2.78	0.691	1.30	3.34	4.64	1.22	0.46	0.28	2.24	1.48	9.62	6	34	Darnel Fizer
145	4	9.6	1.09	2.23	0.489	0.00	0.02	0.000	0.48	0.81	0.593	0.87	1.86	2.72	0.26	0.31	0.47	1.26	0.72	2.66	5	45	Jerome Moiso
187	58	21.7	3.50	8.30	0.422	0.22	0.65	0.339	1.81	2.23	0.813	0.66	1.52	2.19	1.21	0.59	0.10	2.02	1.09	9.04	5	2	Courtney Alexander
69	9	12.4	1.23	2.88	0.427	0.00	0.01	0.000	1.33	1.81	0.736	1.28	1.99	3.26	0.12	0.25	0.93	2.12	0.58	3.80	5	5	Mamadou N'Diaye
205	40	16.2	2.21	4.80	0.460	0.00	0.05	0.100	1.19	1.80	0.659	1.27	2.76	4.03	0.79	0.47	0.39	2.26	1.02	5.61	5	34	Donnell Harvey
167	10	11.2	1.40	3.59	0.389	0.07	0.27	0.267	0.78	1.08	0.728	0.20	0.85	1.05	1.85	0.40	0.03	1.28	1.20	3.65	6	12	Mateen Cleaves
948	836	32.7	4.87	11.71	0.416	1.20	3.50	0.342	2.68	3.74	0.716	1.21	3.42	4.62	2.75	1.79	0.55	2.67	1.87	13.62	1	3	Metta World Peace
835	692	34.2	5.85	14.31	0.409	1.60	4.98	0.320	2.80	3.94	0.711	0.91	2.90	3.81	7.22	1.83	0.43	2.83	2.76	16.10	1	12	Baron Davis
961	684	33.4	5.01	10.81	0.463	0.69	2.21	0.312	2.60	3.75	0.693	1.89	6.49	8.39	3.70	0.88	0.93	3.03	2.34	13.30	1	4	Lamar Odom
262	28	14.7	1.94	4.66	0.417	0.39	1.13	0.340	1.27	1.67	0.763	0.58	1.64	2.22	0.65	0.16	0.65	1.49	0.98	5.55	8	34	Jonathan Bender
1041	867	33.3	6.31	12.60	0.501	0.00	0.02	0.100	3.48	4.73	0.736	3.16	5.46	8.62	2.08	0.90	1.75	2.96	1.97	16.10	1	4	Elton Brand
1274	935	31.4	4.71	10.23	0.460	0.15	0.69	0.218	3.14	3.89	0.808	1.07	2.66	3.73	6.65	1.21	0.18	2.24	2.43	12.71	1	1	Andre Miller
1163	1062	34.5	6.27	12.95	0.484	0.68	2.06	0.331	2.00	2.47	0.810	2.35	6.34	8.69	1.89	1.51	1.06	2.18	1.50	15.22	1	34	Shawn Marion
119	5	14.6	1.85	4.45	0.416	0.72	1.82	0.396	1.02	1.12	0.910	0.24	1.09	1.34	1.28	0.47	0.12	1.50	0.82	5.44	4	12	Trajan Langdon
15	6	10.1	0.53	1.73	0.308	0.00	0.00	0.000	0.67	1.07	0.625	0.73	1.67	2.40	0.47	0.13	0.20	2.47	1.33	1.73	4	5	Alek Radojevic
142	1	8.5	0.96	2.92	0.330	0.28	1.11	0.255	0.46	0.64	0.714	0.12	0.54	0.65	1.40	0.24	0.04	0.88	0.75	2.67	4	1	William Avery
827	477	28.2	4.92	10.85	0.453	0.56	1.73	0.324	5.57	6.77	0.822	1.11	3.76	4.86	2.05	0.71	0.17	2.83	2.27	15.96	1	23	Corey Maggette
797	546	30.0	3.95	8.33	0.474	0.46	1.49	0.310	3.48	4.61	0.754	1.76	3.70	5.46	2.72	1.38	1.83	2.01	1.90	11.83	1	4	Andrei Kirilenko
142	0	9.7	1.15	2.84	0.404	0.01	0.08	0.182	0.68	0.88	0.768	0.63	1.28	1.92	0.20	0.30	0.32	1.09	0.30	2.99	3	4	Cal Bowdler
159	20	11.7	1.46	3.67	0.397	0.23	0.70	0.333	0.42	0.58	0.710	0.45	0.87	1.32	0.60	0.37	0.23	2.11	0.62	3.57	4	3	Quincy Lewis
43	0	6.1	0.60	1.84	0.329	0.02	0.07	0.333	0.35	0.53	0.652	0.53	0.53	1.07	0.26	0.05	0.21	0.77	0.30	1.58	4	34	Tim James
864	480	26.9	2.89	7.05	0.410	1.20	3.43	0.349	1.61	1.97	0.820	0.87	3.83	4.70	1.64	1.06	0.34	2.70	1.14	8.59	1	34	James Posey
632	406	27.4	3.65	7.86	0.465	0.09	0.38	0.244	1.90	2.71	0.699	2.29	4.58	6.87	1.54	0.83	0.44	2.50	1.67	9.30	1	34	Kenny Thomas
199	23	19.1	2.62	6.83	0.383	0.55	1.71	0.321	1.16	1.59	0.726	0.59	1.28	1.87	2.68	0.88	0.16	1.94	1.30	6.94	4	1	Vonteego Cummings
294	105	20.9	3.11	7.56	0.411	0.50	1.59	0.317	1.47	1.94	0.756	0.72	2.33	3.05	1.55	0.79	0.22	1.66	1.26	8.19	6	23	Dion Glover
471	116	20.8	2.75	6.48	0.424	0.90	2.59	0.349	0.66	0.94	0.704	1.17	3.05	4.22	0.87	0.65	0.31	1.85	0.82	7.06	8	3	Jumaine Jones
15	0	6.9	0.73	1.87	0.393	0.00	0.00	0.000	0.73	1.13	0.647	0.73	1.47	2.20	0.20	0.33	0.07	0.87	0.20	2.20	5	4	Leon Smith
448	19	12.5	1.52	3.70	0.410	0.54	1.44	0.373	0.62	0.84	0.736	0.90	1.84	2.74	0.73	0.41	0.19	1.52	0.56	4.18	8	34	Scott Padgett
563	437	25.8	3.96	8.49	0.466	0.85	2.34	0.363	1.35	1.89	0.711	1.77	4.31	6.08	1.08	0.49	1.63	3.31	0.91	10.11	1	34	Raef LaFrentz
788	666	29.4	3.89	9.77	0.398	1.57	4.80	0.327	1.14	1.40	0.813	0.24	2.05	2.30	5.85	1.18	0.08	1.40	2.09	10.49	1	12	Jason Williams
500	393	26.3	3.58	8.22	0.435	0.00	0.00	0.000	1.12	1.87	0.597	1.90	4.93	6.83	0.65	0.45	1.39	3.04	1.80	8.27	9	5	Michael Olowokandi
1273	1242	35.2	6.70	15.00	0.447	1.63	4.40	0.370	5.40	6.69	0.806	0.85	4.92	5.77	3.65	1.35	0.57	2.75	2.73	20.42	1	3	Paul Pierce
587	84	15.0	2.12	4.83	0.439	0.00	0.01	0.125	0.66	0.84	0.791	0.99	2.34	3.33	0.58	0.34	0.36	2.24	0.64	4.91	1	5	Michael Doleac
353	64	22.6	3.34	6.68	0.500	0.00	0.05	0.053	1.48	2.30	0.645	1.86	4.08	5.94	0.91	0.52	1.62	2.87	1.33	8.16	6	5	Keon Clark
212	206	35.3	5.75	13.32	0.432	1.36	3.38	0.402	2.50	3.19	0.784	0.84	2.03	2.87	2.60	1.00	0.40	2.60	1.92	15.36	6	2	Michael Dickerson
665	348	26.4	4.36	9.07	0.481	0.24	0.71	0.333	2.54	3.37	0.753	1.93	3.14	5.06	1.36	0.75	0.17	2.63	1.51	11.50	1	34	Matt Harpring
243	46	16.3	1.72	4.51	0.382	0.62	1.66	0.371	0.38	0.46	0.830	0.23	0.98	1.21	2.16	0.51	0.04	1.20	0.86	4.45	6	2	Bryce Drew
811	593	22.2	3.17	6.31	0.502	0.00	0.02	0.077	0.47	0.80	0.585	1.87	3.24	5.11	1.03	0.41	1.15	2.70	0.92	6.81	1	5	Rasho Nesterovic
17	0	5.3	0.82	2.24	0.368	0.00	0.35	0.000	0.29	0.47	0.625	0.76	1.18	1.94	0.29	0.18	0.06	0.82	0.47	1.94	2	34	Mirsad Turkcan
552	107	20.0	2.68	6.42	0.417	1.14	2.88	0.398	0.78	0.96	0.806	0.62	2.02	2.64	0.80	0.44	0.19	2.31	0.76	7.28	1	34	Pat Garrity
113	45	18.8	2.99	7.32	0.409	0.04	0.40	0.111	1.20	1.47	0.819	0.81	1.92	2.73	1.10	0.36	0.12	1.75	1.24	7.23	4	34	Roshown McLeod
736	344	29.8	5.09	11.43	0.446	0.79	2.19	0.361	2.49	3.19	0.781	0.77	2.70	3.46	3.30	0.99	0.25	1.94	2.18	13.47	1	23	Ricky Davis
608	197	17.9	1.96	3.98	0.494	0.00	0.01	0.333	0.80	1.41	0.566	1.51	3.16	4.67	0.47	0.42	0.88	2.09	0.85	4.73	1	45	Brian Skinner
249	80	16.6	2.21	5.12	0.432	0.19	0.59	0.327	1.20	1.83	0.659	0.85	1.57	2.43	1.01	0.65	0.25	1.81	1.02	5.82	6	3	Felipe Lopez
981	445	28.5	5.13	11.54	0.444	1.00	2.83	0.352	2.25	3.09	0.727	1.52	4.06	5.59	1.68	0.87	0.25	3.13	1.87	13.49	1	34	Al Harrington
68	5	11.1	1.76	3.46	0.511	0.13	0.37	0.360	0.50	0.68	0.739	0.41	0.76	1.18	0.53	0.49	0.04	1.97	0.50	4.16	3	12	Sam Jacobson
153	16	14.3	2.07	5.31	0.390	0.37	1.29	0.289	0.94	1.44	0.652	0.55	1.14	1.69	0.93	0.46	0.31	2.07	1.07	5.46	6	2	Corey Benjamin
837	428	21.1	2.56	5.24	0.488	0.01	0.09	0.162	0.94	1.36	0.690	1.64	3.48	5.12	0.62	0.50	0.85	2.63	0.84	6.07	1	4	Tony Battie
432	278	31.0	5.76	13.43	0.429	0.14	0.56	0.250	1.97	2.44	0.808	0.89	2.22	3.11	2.13	1.06	0.26	2.04	1.58	13.64	8	2	Ron Mercer
824	410	25.9	4.20	9.61	0.437	1.17	3.17	0.369	1.91	2.52	0.758	0.98	3.12	4.10	1.54	0.74	0.36	2.74	1.48	11.47	1	34	Tim Thomas
733	269	17.8	1.80	3.77	0.477	0.00	0.00	0.000	0.48	0.96	0.499	1.77	2.95	4.72	0.47	0.36	1.62	2.15	0.81	4.08	1	5	Adonal Foyle
440	175	20.1	2.72	5.76	0.472	0.00	0.03	0.167	2.77	3.54	0.785	2.72	4.52	7.24	0.69	0.41	0.22	3.53	1.49	8.22	1	34	Danny Fortson
236	145	20.4	3.05	7.31	0.417	0.08	0.32	0.237	1.58	2.24	0.703	1.21	2.08	3.29	1.13	0.78	0.36	2.06	1.31	7.75	8	3	Tariq Abdul-Wahad
659	88	17.4	2.26	5.55	0.407	0.65	1.92	0.340	1.61	1.88	0.861	1.06	2.96	4.02	0.95	0.37	0.33	1.66	1.00	6.79	1	34	Austin Croshere
534	227	25.0	4.63	9.92	0.466	0.01	0.06	0.152	1.76	2.48	0.711	1.48	3.11	4.59	1.17	0.46	0.49	3.00	1.82	11.03	1	34	Mo Taylor
541	246	19.6	2.08	4.10	0.507	0.00	0.02	0.077	1.32	2.05	0.644	1.63	3.68	5.31	0.45	0.54	1.27	2.49	0.83	5.47	1	5	Kelvin Cato
54	9	16.0	1.85	4.61	0.402	0.52	1.31	0.394	0.52	0.72	0.718	0.67	1.56	2.22	0.48	0.59	0.37	2.30	0.81	4.74	5	34	Johnny Taylor
155	23	13.9	1.95	4.74	0.413	0.03	0.19	0.138	1.31	1.74	0.755	1.15	2.30	3.45	0.82	0.50	0.42	2.41	0.95	5.25	3	5	Chris Anstey
494	423	27.8	3.36	7.58	0.444	1.21	2.98	0.404	1.13	1.43	0.794	0.49	2.70	3.19	2.29	0.89	0.17	1.60	1.00	9.06	9	23	Anthony Parker
60	6	13.5	2.17	6.40	0.339	0.50	1.47	0.341	1.38	1.70	0.814	0.27	0.95	1.22	0.77	0.45	0.20	1.72	0.98	6.22	3	2	Ed Gray
45	4	10.0	1.13	3.49	0.325	0.02	0.24	0.091	0.60	1.07	0.562	0.60	1.56	2.16	0.87	0.49	0.24	1.40	0.93	2.89	2	34	Keith Booth
16	0	6.9	0.81	1.81	0.448	0.00	0.00	0.000	0.19	0.50	0.375	0.50	0.62	1.12	0.19	0.12	0.06	1.31	0.56	1.81	7	5	Paul Grant
208	27	10.8	1.07	2.13	0.502	0.00	0.01	0.000	0.55	0.93	0.591	0.96	1.12	2.08	0.29	0.33	0.24	1.85	0.51	2.69	5	45	John Thomas
141	36	14.0	2.11	5.15	0.409	0.51	1.77	0.288	0.45	0.74	0.606	0.40	1.01	1.42	0.88	0.62	0.50	1.45	0.79	5.17	6	2	Charles Cornelius Smith
914	902	41.1	9.26	21.78	0.425	1.16	3.70	0.313	6.97	8.94	0.780	0.82	2.90	3.71	6.15	2.17	0.18	1.94	3.57	26.66	1	12	Allen Iverson
973	786	29.5	3.87	8.30	0.466	0.02	0.09	0.205	1.76	2.62	0.670	2.68	7.09	9.78	1.89	0.99	2.39	2.76	1.40	9.52	1	5	Marcus Camby
825	699	34.8	6.54	13.87	0.472	0.19	0.62	0.297	4.83	5.96	0.810	2.25	5.25	7.51	2.53	0.98	0.78	2.80	2.57	18.09	1	34	Shareef Abdur-Rahim
1300	1150	35.6	6.59	14.58	0.452	2.29	5.71	0.400	3.38	3.78	0.894	0.95	3.11	4.06	3.35	1.12	0.19	2.20	2.08	18.85	1	2	Ray Allen
893	707	35.3	6.81	16.47	0.414	1.55	4.77	0.325	2.34	3.70	0.633	2.12	5.60	7.72	3.55	1.22	0.53	2.82	2.80	17.52	1	34	Antoine Walker
507	455	33.4	5.48	12.50	0.439	1.37	3.63	0.378	1.80	2.31	0.780	1.01	2.90	3.91	2.55	1.60	0.43	1.76	1.22	14.13	9	12	Kerry Kittles
445	143	17.1	2.10	4.55	0.462	0.00	0.02	0.111	1.13	1.79	0.630	1.41	3.29	4.69	0.57	0.30	0.71	2.01	0.91	5.34	1	4	Samaki Walker
225	23	11.1	1.40	3.34	0.421	0.00	0.02	0.000	0.89	1.34	0.668	1.07	1.93	3.00	0.20	0.15	0.27	1.56	0.64	3.70	6	5	Todd Fuller
1301	1153	36.5	8.79	19.56	0.449	1.33	4.02	0.331	6.32	7.54	0.837	1.13	4.17	5.30	4.76	1.47	0.48	2.52	3.02	25.23	1	2	Kobe Bryant
804	665	33.5	6.00	13.33	0.450	2.19	5.46	0.401	2.78	3.11	0.895	0.93	3.77	4.70	1.75	0.93	0.13	1.74	1.36	16.97	1	34	Peja Stojakovic
1217	1053	31.3	5.19	10.59	0.490	1.38	3.24	0.428	2.51	2.78	0.904	0.53	2.46	2.99	8.49	0.74	0.08	1.63	2.86	14.29	1	12	Steve Nash
545	104	21.5	3.44	8.43	0.408	0.87	2.52	0.343	1.35	1.76	0.769	0.64	1.84	2.48	1.88	0.82	0.14	1.58	1.05	9.10	1	12	Tony Delk
381	45	16.1	3.02	6.55	0.462	0.04	0.13	0.294	1.53	2.06	0.740	0.86	1.92	2.78	0.74	0.35	0.57	1.85	1.23	7.61	7	4	John Wallace
593	108	17.5	1.84	4.70	0.392	0.77	2.22	0.346	0.70	1.01	0.698	0.69	1.93	2.62	1.13	0.64	0.29	2.04	0.88	5.15	1	34	Walter McCarty
15	0	6.1	1.27	3.80	0.333	0.40	1.53	0.261	0.00	0.00	0.000	0.20	0.40	0.60	0.33	0.13	0.20	0.80	0.73	2.93	4	34	Dontae Jones
137	50	16.9	2.10	4.35	0.483	0.01	0.01	0.500	0.55	1.03	0.532	1.31	2.21	3.53	0.42	0.19	1.53	1.96	0.74	4.76	5	34	Dontae Jones
1288	730	25.4	2.89	7.24	0.399	0.97	2.59	0.374	1.57	1.92	0.817	0.32	1.74	2.06	2.95	1.05	0.08	2.08	1.14	8.32	1	12	Derek Fisher
102	1	10.8	1.41	3.71	0.381	0.36	1.06	0.343	0.49	0.60	0.820	0.55	1.06	1.61	0.75	0.34	0.18	1.13	0.41	3.68	3	34	Brian Evans
74	0	7.1	1.38	2.92	0.472	0.00	0.01	0.000	0.69	1.24	0.554	0.58	1.35	1.93	0.45	0.11	0.35	1.38	1.12	3.45	4	5	Priest Lauderdale
371	58	12.3	1.41	3.21	0.438	0.04	0.16	0.259	0.58	0.84	0.696	1.19	1.94	3.13	0.60	0.37	0.59	2.17	0.66	3.44	8	5	Travis Knight
307	35	15.8	1.91	4.91	0.389	0.77	2.18	0.354	0.87	1.15	0.756	0.25	1.31	1.57	2.72	0.86	0.12	1.67	1.52	5.46	7	12	Cory Alexander
756	321	19.5	1.77	3.65	0.486	0.00	0.01	0.100	1.10	1.94	0.569	1.95	3.53	5.48	0.59	0.25	1.71	2.48	0.90	4.65	1	5	Greg Ostertag
28	1	5.0	1.07	2.86	0.375	0.14	0.89	0.160	0.93	1.21	0.765	0.43	0.43	0.86	0.18	0.29	0.04	0.96	0.21	3.21	3	34	Sherell Ford
118	8	9.8	1.16	2.75	0.423	0.00	0.02	0.000	0.57	0.89	0.638	1.14	1.92	3.06	0.31	0.26	0.41	1.83	0.83	2.89	4	34	David Vaughn
708	150	21.4	2.83	6.56	0.431	0.38	1.09	0.345	1.56	1.87	0.835	0.32	1.44	1.76	3.45	0.93	0.08	2.28	1.31	7.59	1	1	Travis Best
135	23	9.8	1.19	2.93	0.408	0.01	0.03	0.250	0.96	1.23	0.783	0.80	1.32	2.12	0.24	0.10	0.09	1.79	0.51	3.36	3	5	George Zidek
462	170	19.6	2.76	5.74	0.481	0.00	0.02	0.000	1.77	2.77	0.637	1.82	2.56	4.38	0.91	0.45	0.24	2.48	1.40	7.29	9	4	Jason Caffey
51	0	7.9	0.76	2.33	0.328	0.35	1.29	0.273	0.55	0.69	0.800	0.04	0.45	0.49	0.96	0.33	0.02	0.75	0.90	2.43	2	2	Randolph Childress
657	205	23.7	2.92	7.04	0.414	0.64	1.98	0.325	2.12	3.08	0.689	0.89	2.52	3.41	3.77	0.98	0.22	2.25	1.87	8.61	1	12	Bob Sura
658	307	23.9	2.83	6.82	0.415	0.33	1.05	0.318	2.57	3.50	0.736	1.07	2.18	3.25	1.42	0.83	0.16	2.43	1.20	8.57	1	34	Eric Williams
822	294	22.8	4.38	8.95	0.490	0.01	0.05	0.136	2.35	3.30	0.714	1.48	2.40	3.87	1.18	0.56	0.32	2.74	1.60	11.13	1	34	Corliss Williamson
472	151	15.8	1.84	3.92	0.470	0.02	0.08	0.211	0.66	1.05	0.630	1.19	2.41	3.61	0.56	0.44	0.65	1.97	0.60	4.36	9	5	Cherokee Parks
128	34	16.1	1.95	5.30	0.367	0.22	0.98	0.222	0.84	1.12	0.755	0.90	1.57	2.47	0.80	0.57	0.18	1.50	0.64	4.95	4	34	Ed O'Bannon
172	5	13.7	1.83	4.42	0.414	0.56	1.66	0.340	0.72	0.88	0.816	0.47	0.84	1.31	1.03	0.53	0.04	1.12	0.73	4.95	5	12	Shawn Respert
395	341	30.6	5.06	10.65	0.475	0.01	0.07	0.074	2.39	3.41	0.703	2.17	4.78	6.95	1.58	0.51	0.76	3.46	1.88	12.52	7	5	Bryant Reeves
1444	1407	34.8	7.26	14.60	0.497	0.12	0.44	0.276	3.38	4.28	0.789	2.22	7.90	10.12	3.75	1.28	1.41	2.44	2.20	18.01	2	4	Kevin Garnett
506	130	19.5	3.54	7.08	0.501	0.01	0.10	0.080	1.54	2.39	0.643	1.66	2.83	4.50	1.00	0.44	0.34	2.17	1.18	8.63	1	4	Gary Trent
688	668	36.8	8.10	17.63	0.459	0.90	2.65	0.340	3.59	4.38	0.820	1.49	4.59	6.09	2.73	1.20	0.56	2.68	3.12	20.69	1	3	Glenn Robinson
Sr	-	-	-	-	-	-	-	-	-	-	-	-	-	-	-	-	-	-	-	-	2	5	Joe Vogel
Sr	-	-	-	-	-	-	-	-	-	-	-	-	-	-	-	-	-	-	-	-	3	34	Jerod Ward
41	1	8.0	0.66	2.02	0.325	0.00	0.07	0.000	0.63	0.93	0.684	0.29	0.85	1.15	0.10	0.15	0.44	1.00	0.32	1.95	3	34	Ruben Wolkowyski
81	13	14.6	1.86	4.65	0.401	0.54	1.72	0.317	1.19	1.54	0.768	0.62	1.04	1.65	0.53	0.36	0.14	0.90	0.70	5.46	2	23	Oscar Torres
102	4	5.1	0.77	2.18	0.356	0.05	0.24	0.208	0.10	0.19	0.526	0.31	0.74	1.05	0.18	0.15	0.13	1.04	0.29	1.70	7	5	Bruno Sundov
108	2	9.8	1.16	2.81	0.413	0.01	0.07	0.125	0.72	1.05	0.690	0.45	1.19	1.65	0.61	0.34	0.24	1.55	0.50	3.05	5	5	Jabari Smith
449	170	23.5	2.12	3.94	0.538	0.00	0.02	0.143	1.39	2.63	0.529	2.50	4.61	7.11	1.47	0.80	0.55	2.53	1.17	5.63	9	34	Michael Smith
31	0	8.0	0.77	2.42	0.320	0.16	0.48	0.333	0.61	0.81	0.760	0.10	0.55	0.65	0.97	0.23	0.03	0.71	0.52	2.32	3	12	Kiwane Garris
918	186	19.8	2.73	6.12	0.446	0.74	1.88	0.393	0.82	0.97	0.840	0.70	2.07	2.78	1.29	0.42	0.32	2.14	0.88	7.01	1	4	Danny Ferry
47	1	6.4	0.60	1.53	0.389	0.00	0.00	0.000	0.26	0.55	0.462	0.68	0.94	1.62	0.11	0.04	0.40	0.77	0.13	1.45	4	5	Soumaila Samake
133	8	9.4	1.29	3.31	0.391	0.08	0.29	0.289	0.29	0.47	0.613	0.41	1.09	1.50	0.29	0.23	0.09	0.80	0.26	2.95	4	45	Dan Langhi
80	14	15.6	2.08	5.50	0.377	0.91	2.41	0.378	0.46	0.56	0.822	0.28	0.72	1.00	1.84	0.25	0.15	0.72	0.78	5.53	4	1	A.J. Guyton
50	14	18.7	2.30	6.22	0.370	0.56	1.68	0.333	1.12	1.44	0.778	0.42	1.20	1.62	2.90	0.96	0.04	1.98	1.08	6.28	3	12	Khalid El-Amin
717	31	17.3	2.90	7.08	0.409	1.14	2.92	0.390	0.53	0.63	0.851	0.23	1.48	1.71	1.55	0.66	0.08	1.29	0.79	7.47	1	12	Eddie House
619	85	18.1	1.95	4.05	0.481	0.18	0.57	0.311	0.86	1.29	0.671	1.45	2.28	3.73	0.79	0.72	0.37	2.23	0.65	4.93	1	34	Eduardo Najera
92	5	6.4	0.54	1.10	0.495	0.00	0.00	0.000	0.29	0.45	0.659	0.66	1.47	2.13	0.12	0.17	0.16	1.15	0.33	1.38	3	5	Olumide Oyedeji
16	0	11.6	0.94	2.81	0.333	0.12	0.56	0.222	0.31	0.38	0.833	0.06	0.62	0.69	1.25	0.44	0.00	1.38	1.00	2.31	3	12	John Celestand
22	0	9.7	0.77	2.32	0.333	0.00	0.23	0.000	0.14	0.27	0.500	0.23	0.36	0.59	2.09	0.73	0.05	0.91	0.73	1.68	4	1	Omar Cook
44	1	6.3	0.32	0.86	0.368	0.00	0.00	0.000	0.34	0.61	0.556	0.50	0.80	1.30	0.14	0.09	0.39	0.91	0.32	0.98	4	5	Ruben Boumtje-Boumtje
542	215	15.8	1.26	2.77	0.455	0.00	0.01	0.000	1.35	1.93	0.699	1.19	1.72	2.91	0.77	0.25	0.18	2.43	0.62	3.87	1	5	Jarron Collins
75	10	14.2	1.71	5.09	0.335	0.16	0.73	0.218	0.71	0.95	0.746	0.44	0.83	1.27	2.35	0.68	0.04	1.05	1.28	4.28	3	1	Kenny Satterfield
569	191	18.7	2.51	5.75	0.438	0.24	0.71	0.338	1.36	1.68	0.806	0.37	1.33	1.70	3.09	0.51	0.05	1.54	1.20	6.63	9	1	Carlos Arroyo
15	0	6.9	1.00	3.00	0.333	0.00	0.60	0.000	0.80	0.87	0.923	0.20	0.40	0.60	0.60	0.33	0.07	0.40	0.47	2.80	1	12	Horace Jenkins
18	0	6.7	0.83	2.11	0.395	0.00	0.06	0.000	0.17	0.39	0.429	0.50	0.56	1.06	0.39	0.06	0.06	0.67	0.56	1.83	4	4	Paul Shirley
286	156	22.6	2.53	5.48	0.461	0.62	1.88	0.329	0.64	0.80	0.803	0.70	3.59	4.29	1.02	0.80	0.83	1.48	0.51	6.32	5	34	Jamario Moon
809	372	19.2	1.37	2.94	0.465	0.00	0.01	0.091	1.33	2.52	0.528	2.45	4.67	7.13	0.57	0.70	0.14	2.34	1.11	4.07	1	4	Reggie Evans
785	498	26.8	3.31	6.72	0.493	0.00	0.03	0.120	1.54	2.03	0.757	2.02	5.13	7.14	0.90	0.53	0.31	2.53	1.00	8.16	1	45	Udonis Haslem
498	18	15.0	2.47	6.31	0.391	0.80	2.26	0.356	0.64	0.74	0.864	0.22	1.18	1.41	1.98	0.50	0.06	1.30	1.12	6.38	1	1	Jannero Pargo
200	88	18.6	1.81	5.09	0.357	0.29	1.04	0.282	1.60	2.00	0.800	0.20	1.14	1.34	2.68	0.72	0.14	1.79	1.25	5.53	4	12	Keith McLeod
274	183	25.8	3.31	7.77	0.426	1.05	3.06	0.345	1.33	1.88	0.708	0.43	1.97	2.41	2.89	1.23	0.16	2.21	1.81	9.01	6	12	Smush Parker
38	0	4.9	0.24	0.87	0.273	0.00	0.03	0.000	0.05	0.05	1.000	0.18	0.37	0.55	1.29	0.42	0.03	0.63	0.21	0.53	4	12	Pepe Sanchez
143	32	10.6	1.15	2.73	0.423	0.00	0.01	0.000	1.26	1.75	0.720	1.02	1.66	2.68	0.22	0.27	0.19	1.78	0.66	3.57	6	5	Obinna Ekezie
306	96	19.0	3.66	7.73	0.474	0.00	0.03	0.111	1.24	1.58	0.786	1.24	1.82	3.06	0.97	0.43	0.17	1.95	1.05	8.57	6	34	Lee Nailon
706	479	28.1	3.66	8.43	0.434	1.35	3.34	0.406	1.25	1.56	0.799	0.58	2.21	2.79	1.71	0.69	0.18	2.61	0.99	9.91	1	2	Raja Bell
623	181	19.6	1.97	4.88	0.404	0.19	0.74	0.250	0.70	0.98	0.706	0.39	1.70	2.09	3.79	0.96	0.18	1.77	1.54	4.83	1	1	Anthony Carter
73	12	9.6	1.26	3.10	0.407	0.04	0.21	0.200	0.74	1.07	0.692	0.68	1.04	1.73	0.59	0.30	0.08	1.08	0.48	3.30	4	12	Toby Bailey
103	27	11.9	1.02	2.50	0.409	0.04	0.19	0.200	0.84	1.07	0.791	0.91	1.30	2.21	0.52	0.46	0.06	1.42	0.49	2.92	5	34	Tremaine Fowlkes
261	72	14.7	1.95	3.63	0.539	0.00	0.00	0.000	0.69	1.41	0.490	1.09	2.44	3.53	0.52	0.29	0.74	2.00	0.94	4.60	8	45	Jelani McCoy
127	6	10.2	1.27	2.92	0.434	0.06	0.23	0.276	0.56	0.87	0.640	0.81	0.94	1.76	0.49	0.30	0.24	1.28	0.46	3.16	6	34	Ansu Sesay
5	0	3.8	0.20	1.00	0.200	0.00	0.40	0.000	0.00	0.00	0.000	0.20	0.20	0.40	0.00	0.20	0.00	0.20	0.60	0.40	3	12	Miles Simon
35	0	6.6	0.69	2.14	0.320	0.09	0.54	0.158	0.37	0.49	0.765	0.23	0.46	0.69	1.26	0.29	0.00	0.71	0.60	1.83	2	1	Dean Oliver
14	0	7.7	1.00	2.43	0.412	0.07	0.21	0.333	0.07	0.14	0.500	0.21	0.86	1.07	0.29	0.36	0.00	1.07	0.29	2.14	6	34	Jason Sasser
Jr	-	-	-	-	-	-	-	-	-	-	-	-	-	-	-	-	-	-	-	-	3	34	Mark Sanford
153	56	10.7	0.76	1.89	0.401	0.07	0.37	0.179	0.28	0.49	0.573	0.61	1.10	1.71	0.41	0.22	0.29	1.58	0.30	1.86	8	5	Mark Pope
662	100	15.5	1.28	3.11	0.410	0.01	0.04	0.310	1.20	1.52	0.792	0.22	1.32	1.54	2.27	0.51	0.04	1.22	0.74	3.77	1	12	Kevin Ollie
576	334	27.6	3.80	8.82	0.431	0.53	1.61	0.328	1.24	1.56	0.796	0.42	1.61	2.03	4.36	0.64	0.05	2.07	1.37	9.37	1	12	Jeff McInnis
746	266	16.4	2.13	4.56	0.467	0.01	0.06	0.109	0.86	1.19	0.721	1.72	2.98	4.70	0.58	0.53	0.56	2.57	0.73	5.13	1	45	Scott Williams
456	109	16.7	2.51	5.21	0.481	0.01	0.08	0.111	1.30	1.96	0.665	1.10	1.74	2.84	1.19	0.55	0.30	1.97	1.21	6.32	1	3	Monty Williams
281	26	12.2	1.92	3.93	0.488	0.01	0.03	0.222	0.72	1.07	0.668	0.95	1.79	2.74	0.36	0.28	0.39	1.14	0.58	4.56	1	4	Mark Strickland
501	123	20.3	2.66	6.79	0.392	0.81	2.30	0.351	1.42	1.72	0.826	0.45	2.18	2.63	2.40	0.84	0.08	1.91	1.33	7.54	9	12	Erick Strickland
Sr	-	-	-	-	-	-	-	-	-	-	-	-	-	-	-	-	-	-	-	-	3	5	Nick Sheppard
259	44	13.6	1.94	4.00	0.484	0.00	0.01	0.000	1.72	2.74	0.629	1.30	1.67	2.97	0.56	0.35	0.22	1.94	0.94	5.60	9	34	Reggie Slater
708	409	26.6	4.21	9.91	0.425	1.38	3.64	0.379	2.05	2.76	0.743	1.08	2.87	3.95	2.31	0.93	0.57	2.89	1.87	11.84	1	3	Walt Williams
1094	740	30.7	4.95	10.90	0.454	0.18	0.63	0.282	3.14	4.35	0.721	1.07	2.66	3.73	7.30	1.48	0.20	1.87	2.62	13.22	1	1	Rod Strickland
Jr	-	-	-	-	-	-	-	-	-	-	-	-	-	-	-	-	-	-	-	-	2	34	George Williams
9	0	1.6	0.11	0.89	0.125	0.00	0.00	0.000	0.00	0.00	0.000	0.33	0.00	0.33	0.00	0.00	0.00	0.22	0.22	0.22	2	5	Casey Shaw
942	361	23.0	2.75	6.81	0.403	0.46	1.50	0.304	1.00	1.27	0.782	0.82	2.56	3.38	4.16	0.79	0.27	2.07	1.77	6.95	1	1	Brian Shaw
630	286	22.3	2.22	5.44	0.408	1.01	2.78	0.365	0.81	1.05	0.771	0.38	2.23	2.62	4.03	1.23	0.20	2.03	1.65	6.27	1	12	Charlie Ward
470	314	24.2	4.43	8.85	0.500	0.29	0.88	0.328	2.83	3.60	0.786	1.56	5.75	7.31	2.05	0.79	1.05	2.74	1.78	11.98	7	5	Arvydas Sabonis
122	30	11.6	1.25	2.67	0.469	0.00	0.00	0.000	0.91	1.33	0.685	0.62	1.51	2.13	0.31	0.32	0.39	1.89	0.70	3.42	4	5	Daniel Santiago
841	393	23.5	2.70	6.27	0.431	0.81	2.21	0.369	1.70	2.27	0.750	0.89	2.57	3.46	1.29	1.04	0.24	2.36	0.99	7.92	1	2	Bryon Russell
866	346	25.3	4.17	9.23	0.451	0.80	2.29	0.347	1.80	2.61	0.690	1.47	3.01	4.48	1.99	1.00	0.52	3.09	1.88	10.93	1	34	Rodney Rogers
186	41	9.9	1.17	2.57	0.456	0.00	0.02	0.000	0.74	1.05	0.704	0.97	1.61	2.58	0.32	0.29	0.71	1.63	0.68	3.09	7	5	Eric Riley
749	230	18.1	2.28	4.97	0.459	0.00	0.03	0.091	1.67	2.40	0.699	1.26	2.58	3.84	0.84	0.34	0.67	2.21	1.07	6.24	1	5	Sean Rooks
1058	658	23.5	3.36	6.65	0.505	0.00	0.02	0.192	1.08	2.02	0.536	2.58	4.14	6.72	0.70	0.49	0.62	2.68	1.11	7.81	1	5	Olden Polynice
215	22	15.3	2.27	4.31	0.527	0.00	0.00	0.000	1.40	1.76	0.792	0.91	2.29	3.20	0.41	0.27	0.74	2.38	0.94	5.93	6	5	Zeljko Rebraca
1178	1053	34.9	6.30	13.33	0.473	0.83	2.55	0.326	2.65	3.77	0.704	1.76	4.61	6.36	5.21	1.96	0.80	2.83	2.76	16.08	1	3	Scottie Pippen
733	454	28.3	4.27	9.34	0.457	1.57	3.76	0.418	1.07	1.38	0.778	0.58	2.70	3.28	1.68	0.79	0.31	1.32	0.93	11.18	1	2	Wesley Person
827	298	24.7	3.75	8.77	0.427	1.14	2.96	0.384	1.06	1.32	0.799	0.68	1.90	2.58	2.36	0.94	0.17	2.02	1.23	9.69	1	12	Anthony Peeler
600	475	29.4	4.79	9.95	0.481	0.14	0.47	0.291	2.00	3.17	0.629	2.42	4.28	6.69	2.84	0.95	0.54	2.94	2.18	11.71	1	3	Billy Owens
514	177	17.8	2.31	6.05	0.382	0.68	2.00	0.340	1.56	1.85	0.843	0.20	0.95	1.14	2.87	0.66	0.04	1.74	1.23	6.86	1	12	Darrick Martin
1282	1160	31.4	3.77	8.01	0.471	0.05	0.21	0.253	2.09	2.75	0.761	3.06	6.46	9.52	2.51	1.05	0.30	3.45	2.17	9.69	1	4	Charles Oakley
683	233	18.0	2.40	5.10	0.470	0.00	0.02	0.091	1.41	2.00	0.705	1.54	2.80	4.34	0.39	0.38	0.47	2.35	1.00	6.20	1	4	Tony Massenburg
499	62	14.6	1.76	4.28	0.412	0.22	0.68	0.319	0.77	0.95	0.816	0.28	1.03	1.31	2.08	0.40	0.04	1.17	0.95	4.52	1	2	Doug Overton
Jr	-	-	-	-	-	-	-	-	-	-	-	-	-	-	-	-	-	-	-	-	5	5	Ike Nwankwo
1335	1232	35.3	6.52	14.01	0.466	0.85	2.67	0.317	2.45	3.36	0.729	1.04	2.90	3.95	6.72	1.83	0.21	2.41	2.27	16.34	1	12	Gary Payton
470	88	17.9	1.84	4.38	0.419	0.09	0.36	0.235	1.01	1.41	0.719	0.34	1.43	1.77	2.54	0.64	0.12	1.46	1.27	4.77	7	12	Milt Palacio
Sr	-	-	-	-	-	-	-	-	-	-	-	-	-	-	-	-	-	-	-	-	1	12	Bryant Notree
1389	1303	34.3	5.93	12.60	0.471	1.84	4.67	0.395	4.49	5.06	0.888	0.64	2.38	3.01	2.98	1.08	0.22	1.97	1.74	18.20	1	2	Reggie Miller
838	686	31.0	6.11	11.58	0.527	0.03	0.11	0.247	4.84	7.00	0.692	2.61	5.91	8.52	1.13	0.49	2.81	3.35	2.64	17.08	1	5	Alonzo Mourning
Sr	-	-	-	-	-	-	-	-	-	-	-	-	-	-	-	-	-	-	-	-	3	12	Ricky Moore
493	196	23.0	3.12	5.81	0.536	0.01	0.09	0.116	1.11	1.74	0.639	1.91	3.96	5.87	2.15	0.92	1.54	2.96	1.87	7.35	1	5	Oliver Miller
181	15	9.0	1.09	2.13	0.510	0.01	0.04	0.250	0.63	1.09	0.576	1.02	1.67	2.70	0.36	0.32	0.14	1.35	0.50	2.82	1	34	Pig Miller
114	4	8.5	0.71	1.89	0.377	0.00	0.03	0.000	0.37	0.61	0.609	0.66	1.21	1.87	0.32	0.21	0.31	1.16	0.46	1.79	8	5	Amal McCaskill
595	286	24.1	3.59	8.63	0.417	1.15	3.05	0.379	1.51	1.88	0.802	0.36	1.87	2.23	3.49	0.77	0.06	2.02	1.50	9.85	1	12	Mike James
119	0	7.7	0.73	2.29	0.320	0.35	1.05	0.336	0.65	0.95	0.681	0.33	0.69	1.02	0.30	0.31	0.04	0.90	0.38	2.46	6	3	Donny Marshall
1476	1469	37.2	9.17	17.76	0.516	0.06	0.21	0.274	6.63	8.93	0.742	2.41	7.73	10.14	3.55	1.41	0.77	3.10	3.07	25.02	1	4	Karl Malone
295	206	25.3	2.65	6.51	0.408	1.35	3.64	0.372	0.72	0.90	0.797	0.21	1.48	1.69	2.89	0.81	0.05	1.27	1.29	7.38	7	4	Matt Maloney
774	420	22.8	2.70	6.04	0.446	0.19	0.62	0.306	1.02	1.57	0.652	1.95	3.09	5.04	1.45	1.06	0.33	2.16	1.15	6.60	1	3	George Lynch
535	304	23.5	2.94	6.59	0.447	0.05	0.17	0.281	1.03	1.38	0.751	3.04	4.40	7.44	1.30	0.56	0.30	2.80	1.13	6.96	1	4	Popeye Jones
793	249	19.6	2.16	5.21	0.414	0.42	1.18	0.356	0.86	1.16	0.745	0.37	1.34	1.71	2.87	0.69	0.12	1.63	1.09	5.59	1	12	Anthony Johnson
1207	1197	34.7	9.39	16.12	0.582	0.00	0.02	0.045	4.92	9.32	0.527	3.49	7.37	10.85	2.51	0.61	2.26	3.43	2.74	23.69	1	5	Shaquille O'Neal
359	358	35.5	7.68	17.14	0.448	0.88	2.94	0.300	3.73	4.59	0.812	0.89	2.82	3.71	6.44	0.83	0.41	1.43	2.95	19.98	7	1	Derrick Rose
433	201	24.7	5.27	11.72	0.450	0.54	1.57	0.343	1.92	2.54	0.759	1.12	3.72	4.84	1.32	0.61	0.52	2.25	1.77	13.00	7	4	Michael Beasley
520	310	31.2	5.28	12.24	0.431	1.58	4.22	0.375	2.08	2.54	0.822	0.53	2.63	3.17	2.95	1.02	0.26	2.23	2.08	14.23	7	2	O.J. Mayo
530	513	34.0	7.48	17.26	0.434	0.83	2.72	0.305	5.56	6.78	0.820	1.64	3.69	5.33	7.26	1.72	0.28	2.41	3.68	21.36	7	12	Russell Westbrook
461	379	33.0	6.21	13.88	0.448	1.37	3.78	0.364	4.87	5.98	0.815	3.36	8.42	11.78	2.43	0.67	0.48	2.15	2.00	18.67	7	45	Kevin Love
367	297	30.4	4.40	10.62	0.415	1.81	4.92	0.367	3.78	4.42	0.856	0.80	3.82	4.62	1.87	0.83	0.50	2.00	1.29	14.39	7	3	Danilo Gallinari
395	376	34.0	5.71	13.11	0.435	1.82	4.79	0.380	3.51	4.33	0.811	0.48	2.05	2.54	3.32	1.06	0.28	1.99	2.26	16.75	7	12	Eric Gordon
67	0	11.1	1.54	3.75	0.410	0.24	0.70	0.340	0.90	1.28	0.698	0.69	1.10	1.79	0.66	0.24	0.45	1.73	0.78	4.21	3	3	Joe Alexander
535	170	24.4	3.21	7.96	0.403	1.22	3.28	0.373	2.18	2.51	0.870	0.28	1.55	1.83	3.98	0.61	0.04	1.52	1.53	9.82	7	12	D.J. Augustin
477	70	20.8	2.95	7.13	0.414	0.74	2.09	0.355	1.82	2.21	0.826	0.27	1.81	2.09	2.93	0.64	0.12	2.07	1.47	8.47	7	12	Jerryd Bayless
553	405	26.1	3.74	7.53	0.496	0.00	0.05	0.037	1.71	2.60	0.655	2.24	4.58	6.82	1.11	0.49	0.72	3.05	1.33	9.19	7	4	Jason Thompson
379	114	23.0	2.82	6.53	0.431	1.14	2.82	0.404	0.69	0.98	0.707	0.42	2.69	3.11	0.99	0.49	0.58	1.40	0.92	7.46	7	2	Brandon Rush
252	43	15.2	2.69	5.93	0.453	0.08	0.33	0.241	1.65	2.23	0.740	1.33	2.95	4.28	0.74	0.60	0.89	1.81	1.18	7.10	6	34	Anthony Randolph
490	342	21.3	3.25	6.15	0.528	0.00	0.01	0.000	1.63	2.13	0.762	2.30	2.77	5.07	0.57	0.28	1.18	2.11	0.96	8.12	7	45	Robin Lopez
437	402	32.5	7.03	13.80	0.510	0.00	0.05	0.050	3.90	4.91	0.794	2.82	4.54	7.36	1.33	0.57	1.77	2.84	1.96	17.96	7	5	Brook Lopez
520	73	15.5	3.15	6.74	0.468	0.04	0.17	0.233	1.48	1.88	0.785	1.50	2.72	4.22	0.60	0.27	0.51	2.20	0.88	7.82	7	5	Marreese Speights
557	516	26.0	4.34	9.36	0.464	0.01	0.04	0.250	2.24	2.98	0.753	2.49	4.29	6.79	1.45	0.38	1.86	3.21	1.73	10.94	7	5	Roy Hibbert
388	158	19.7	3.50	6.48	0.540	0.00	0.01	0.200	1.36	2.32	0.585	2.03	3.46	5.49	0.35	0.41	1.76	2.36	1.09	8.37	7	5	JaVale McGee
516	306	22.8	3.92	7.76	0.505	0.00	0.04	0.000	1.87	3.00	0.622	2.24	4.72	6.96	0.86	0.52	0.59	1.97	1.48	9.71	7	4	J.J. Hickson
214	49	12.7	2.13	4.13	0.516	0.06	0.17	0.324	0.83	1.04	0.802	1.17	2.50	3.67	0.50	0.31	0.62	2.31	0.83	5.15	5	5	Alexis Ajinca
439	155	25.7	4.43	10.44	0.424	2.03	5.38	0.378	1.85	2.16	0.858	2.15	3.41	5.56	0.89	0.56	0.38	2.05	1.01	12.74	7	4	Ryan Anderson
546	306	27.1	3.68	8.20	0.448	1.01	2.67	0.380	1.26	1.48	0.851	0.45	2.14	2.60	1.55	1.01	0.26	1.70	0.99	9.62	7	2	Courtney Lee
448	147	15.7	2.44	4.61	0.529	0.00	0.01	0.000	0.67	1.09	0.617	1.74	3.04	4.78	0.36	0.38	0.81	2.00	0.69	5.55	7	5	Kosta Koufos
469	358	28.4	4.86	9.17	0.530	0.28	0.76	0.372	1.46	1.97	0.743	2.50	4.98	7.48	0.56	0.42	2.57	2.87	1.26	11.46	6	5	Serge Ibaka
495	271	28.2	3.95	8.78	0.450	1.13	3.03	0.372	2.19	2.73	0.804	0.53	2.57	3.11	3.25	0.90	0.31	2.16	1.29	11.22	7	12	George Hill
38	1	6.5	0.79	1.66	0.476	0.00	0.26	0.000	0.34	0.61	0.565	0.47	0.95	1.42	0.34	0.26	0.05	0.79	0.47	1.92	2	23	J.R. Giddens
504	451	31.0	4.08	9.19	0.444	1.60	4.38	0.364	1.70	2.04	0.836	1.20	3.93	5.13	3.08	0.93	0.73	1.90	1.69	11.47	7	34	Nicolas Batum
138	11	15.3	2.52	4.98	0.507	0.01	0.02	0.333	0.82	1.14	0.720	0.85	2.32	3.17	0.58	0.28	0.41	1.44	0.47	5.87	6	4	D.J. White
253	82	16.8	2.31	5.70	0.406	0.65	2.14	0.304	0.81	1.16	0.701	0.55	1.82	2.37	0.72	0.44	0.46	1.47	0.88	6.09	5	34	Donte Greene
394	87	17.9	2.80	6.35	0.442	0.16	0.56	0.291	0.77	1.02	0.758	1.17	2.45	3.62	0.71	0.62	0.64	2.56	0.81	6.54	7	4	Darrell Arthur
487	309	23.7	2.54	5.74	0.443	0.18	0.61	0.301	1.33	2.01	0.665	1.75	2.97	4.72	0.96	0.86	0.38	1.92	1.02	6.60	7	34	Luc Mbah a Moute
513	93	20.6	2.70	6.38	0.424	0.84	2.19	0.382	1.47	1.83	0.805	0.38	1.60	1.98	2.55	0.98	0.12	1.50	1.14	7.72	8	12	C.J. Watson
24	1	7.7	0.83	2.42	0.345	0.25	1.00	0.250	0.50	0.67	0.750	0.29	1.04	1.33	1.00	0.29	0.12	0.75	0.62	2.42	2	3	Coby Karl
456	110	15.0	0.84	1.65	0.509	0.00	0.00	0.000	0.57	0.86	0.662	1.20	1.66	2.87	0.21	0.27	1.13	1.74	0.49	2.25	8	5	Joel Anthony
316	28	12.5	1.58	3.59	0.438	0.02	0.06	0.350	0.71	0.95	0.743	1.05	1.90	2.95	0.51	0.16	0.22	1.55	0.80	3.88	8	45	Josh Powell
241	26	13.7	1.58	3.97	0.399	0.67	1.77	0.377	0.70	0.87	0.809	0.12	0.98	1.10	1.89	0.42	0.03	1.03	0.57	4.53	6	12	Chris Quinn
74	60	26.8	3.11	7.49	0.415	0.97	2.82	0.344	0.77	1.05	0.731	0.68	3.99	4.66	1.73	1.09	0.20	1.24	0.88	7.96	2	34	Jorge Garbajosa
701	499	28.8	3.86	8.13	0.475	1.12	2.73	0.411	1.22	1.39	0.875	0.35	2.17	2.52	6.59	0.89	0.08	1.71	1.66	10.07	1	12	Jose Calderon
151	0	7.0	0.86	1.86	0.463	0.00	0.03	0.000	0.52	0.83	0.632	0.91	1.56	2.46	0.28	0.07	0.61	1.38	0.61	2.25	5	5	Hamed Haddadi
37	2	8.2	0.84	2.30	0.365	0.27	0.68	0.400	0.49	0.57	0.857	0.27	0.68	0.95	0.78	0.30	0.00	1.22	0.62	2.43	1	1	Sean Singletary
7	0	2.7	0.00	0.71	0.000	0.00	0.29	0.000	0.43	0.57	0.750	0.14	0.14	0.29	0.29	0.00	0.14	0.14	0.14	0.43	1	34	Pat Ewing
222	61	19.7	2.59	5.90	0.439	0.38	1.15	0.329	1.53	1.84	0.831	0.37	1.75	2.13	1.14	0.58	0.25	1.29	0.90	7.08	6	3	Chris Douglas-Roberts
51	5	15.1	2.16	5.24	0.412	0.25	0.78	0.325	1.10	1.59	0.691	0.43	1.27	1.71	2.08	0.71	0.00	1.65	1.43	5.67	1	1	Mike Taylor
539	427	26.4	3.36	5.06	0.665	0.00	0.01	0.125	1.45	3.49	0.414	3.03	6.19	9.21	0.51	0.60	1.77	2.73	1.21	8.17	7	5	DeAndre Jordan
540	383	27.5	3.03	7.20	0.421	1.24	3.44	0.359	1.60	2.05	0.783	0.34	2.11	2.44	3.78	1.51	0.15	2.70	1.87	8.90	7	12	Mario Chalmers
259	191	25.4	5.00	9.60	0.521	0.00	0.00	0.000	2.94	3.87	0.759	3.07	3.82	6.90	0.73	0.54	0.58	2.36	1.57	12.94	5	4	Nikola Pekovic
8	0	2.4	0.50	1.38	0.364	0.00	0.25	0.000	0.00	0.25	0.000	0.00	0.38	0.38	0.00	0.00	0.25	0.38	0.00	1.00	1	34	Walter Sharpe
130	26	11.5	1.09	2.05	0.534	0.00	0.01	0.000	0.46	1.23	0.375	1.52	2.42	3.95	0.42	0.52	0.34	1.97	0.66	2.65	4	34	Joey Dorsey
370	192	20.5	2.19	4.15	0.528	0.00	0.00	0.000	1.39	2.50	0.555	2.36	5.21	7.58	0.65	0.39	0.83	2.06	1.28	5.77	5	5	Omer Asik
73	19	18.9	1.84	4.16	0.441	0.58	1.63	0.353	0.73	0.99	0.736	0.47	1.70	2.16	1.63	0.75	0.45	1.33	1.10	4.97	3	2	Kyle Weaver
150	47	19.5	3.17	6.73	0.470	0.13	0.55	0.229	0.81	1.14	0.713	0.55	1.89	2.43	1.45	0.51	0.18	1.51	1.11	7.27	3	3	Sonny Weems
45	2	9.6	1.11	2.56	0.435	0.00	0.02	0.000	0.58	0.84	0.684	1.11	1.24	2.36	0.53	0.22	0.20	1.36	0.64	2.80	2	5	Nathan Jawai
523	287	26.2	4.44	9.48	0.469	1.02	2.84	0.360	2.25	3.00	0.751	0.73	1.96	2.70	4.54	1.02	0.19	2.24	2.15	12.16	7	12	Goran Dragic
182	35	16.6	2.12	4.75	0.446	1.04	2.83	0.369	0.64	0.85	0.760	0.30	1.90	2.20	0.85	0.51	0.15	2.06	0.78	5.93	5	23	Henry Walker
62	0	7.6	1.03	2.02	0.512	0.03	0.19	0.167	0.31	0.60	0.514	0.39	0.85	1.24	0.47	0.16	0.26	0.77	0.37	2.40	2	3	Malik Hairston
138	5	7.5	0.89	1.99	0.449	0.03	0.12	0.235	0.42	0.65	0.644	0.65	0.82	1.47	0.19	0.17	0.08	1.15	0.36	2.23	3	34	Darnell Jackson
2	0	11.4	1.50	5.00	0.300	0.50	2.00	0.250	1.00	1.00	1.000	0.50	1.50	2.00	0.50	0.50	0.00	1.00	0.00	4.50	1	12	Joe Crawford
69	17	13.4	1.46	2.68	0.546	0.00	0.00	0.000	0.87	1.46	0.594	0.83	1.93	2.75	0.42	0.36	0.42	2.38	0.72	3.80	2	5	Semih Erden
685	150	22.1	3.08	6.72	0.458	1.06	2.41	0.441	0.93	1.11	0.837	0.31	1.22	1.53	1.71	0.43	0.06	1.48	0.94	8.15	1	3	Hubert Davis
22	0	8.1	0.86	1.82	0.475	0.00	0.00	0.000	0.36	0.55	0.667	1.14	1.18	2.32	0.32	0.18	0.09	1.50	0.68	2.09	5	34	Torraye Braggs
821	37	16.9	1.94	4.47	0.434	0.80	2.04	0.392	1.06	1.25	0.848	0.39	1.45	1.84	2.17	0.88	0.14	1.24	0.98	5.74	1	2	Jon Barry
695	325	24.9	3.57	8.66	0.412	1.34	3.69	0.364	1.40	1.81	0.772	0.28	1.43	1.71	3.45	0.67	0.05	1.85	1.46	9.87	1	12	Chucky Atkins
286	155	20.1	3.85	7.43	0.518	0.06	0.22	0.286	1.13	1.78	0.634	1.56	3.28	4.84	0.90	0.47	0.62	2.49	1.32	8.89	6	4	Victor Alexander
266	72	18.6	2.18	5.36	0.407	0.77	2.00	0.386	1.13	1.43	0.792	0.27	1.08	1.35	2.77	0.63	0.03	1.46	0.99	6.27	9	12	Anthony Goldwire
634	460	29.1	4.78	10.43	0.458	0.94	2.51	0.375	3.01	3.78	0.795	1.99	5.01	7.00	1.72	0.52	0.71	2.86	1.56	13.50	1	45	Mehmet Okur
781	671	33.2	5.91	13.23	0.447	0.42	1.41	0.295	4.26	5.54	0.769	2.66	6.60	9.26	2.54	0.78	1.35	2.64	2.61	16.50	1	45	Derrick Coleman
1044	670	24.7	3.89	8.46	0.460	0.00	0.04	0.054	2.57	3.67	0.699	1.80	4.06	5.86	1.15	0.67	1.53	2.88	1.31	10.35	1	45	Elden Campbell
403	149	13.3	1.45	2.73	0.530	0.00	0.00	0.000	0.71	1.09	0.658	1.08	1.82	2.90	0.35	0.45	0.70	2.82	0.63	3.61	8	4	Don Reid
1	0	6.0	2.00	3.00	0.667	0.00	0.00	0.000	1.00	1.00	1.000	0.00	1.00	1.00	0.00	0.00	0.00	3.00	1.00	5.00	2	5	Ratko Varda
22	0	18.7	2.09	5.00	0.418	0.00	0.27	0.000	1.36	2.27	0.600	0.68	1.00	1.68	3.00	1.05	0.14	2.00	1.68	5.55	2	12	David Vanterpool
Sr	-	-	-	-	-	-	-	-	-	-	-	-	-	-	-	-	-	-	-	-	2	4	Antonio Smith
360	29	18.4	3.10	7.03	0.442	0.23	0.86	0.272	1.68	2.10	0.799	0.35	1.21	1.56	3.29	0.71	0.08	1.86	1.61	8.11	8	12	Will Bynum
850	263	22.9	3.86	8.40	0.460	1.28	3.12	0.411	1.47	1.71	0.858	0.27	1.62	1.89	3.34	0.87	0.05	1.26	1.43	10.47	1	1	Dana Barros
882	398	27.4	5.70	11.15	0.511	0.05	0.23	0.206	2.58	3.54	0.729	1.73	3.51	5.23	2.34	1.13	0.85	3.28	2.10	14.02	1	34	Danny Manning
45	10	10.9	1.36	3.47	0.391	0.11	0.33	0.333	0.64	0.87	0.744	0.87	1.67	2.53	0.60	0.24	0.11	2.62	0.89	3.47	4	5	Bateer Mengke
1026	972	33.9	6.18	12.79	0.483	0.21	0.68	0.314	4.12	5.36	0.769	1.15	4.87	6.01	4.14	1.22	0.56	2.32	2.40	16.70	1	3	Grant Hill
Sr	-	-	-	-	-	-	-	-	-	-	-	-	-	-	-	-	-	-	-	-	1	12	Melvin Levett
568	327	30.4	4.21	9.76	0.432	0.77	2.20	0.351	2.00	2.45	0.817	1.36	3.58	4.94	1.87	0.74	0.43	2.70	1.28	11.19	1	3	Chris Mills
720	29	11.7	1.33	3.08	0.433	0.37	1.00	0.366	0.28	0.44	0.633	0.60	1.16	1.76	0.78	0.44	0.20	1.02	0.41	3.31	1	3	Jud Buechler
366	83	12.2	1.29	2.86	0.451	0.01	0.02	0.222	0.67	0.89	0.748	0.86	1.90	2.76	0.41	0.28	0.98	1.85	0.49	3.25	1	5	Calvin Booth
39	3	9.0	1.10	3.28	0.336	0.10	0.36	0.286	0.46	0.69	0.667	0.46	0.90	1.36	0.49	0.13	0.18	1.13	0.79	2.77	4	34	Damone Brown
868	692	29.7	4.65	9.68	0.480	0.11	0.41	0.261	3.41	4.15	0.820	1.87	4.82	6.69	2.56	1.06	0.78	3.19	2.23	12.81	1	4	Christian Laettner
Sr	-	-	-	-	-	-	-	-	-	-	-	-	-	-	-	-	-	-	-	-	1	2	Mike King
255	117	26.1	3.60	8.91	0.404	0.75	2.37	0.316	1.58	2.05	0.772	1.16	2.53	3.69	1.45	1.04	0.36	2.62	1.05	9.53	4	3	Tyrone Nesby
766	196	22.8	3.22	8.02	0.402	1.20	3.36	0.358	1.39	1.72	0.810	0.86	2.20	3.06	2.31	0.77	0.25	2.15	1.40	9.04	1	3	George McCloud
98	2	8.5	1.11	2.82	0.395	0.07	0.35	0.206	0.42	0.65	0.641	0.31	0.78	1.08	0.92	0.48	0.07	0.83	0.60	2.71	2	12	Donell Taylor
334	209	17.7	2.20	4.32	0.510	0.00	0.00	0.000	1.44	2.70	0.534	2.12	3.70	5.82	0.19	0.36	1.06	2.66	1.19	5.85	7	45	Jahidi White
253	166	21.9	1.34	2.85	0.469	0.00	0.01	0.000	0.32	0.85	0.377	2.74	3.60	6.34	0.98	0.53	1.38	2.89	0.93	2.99	9	34	Lorenzo Williams
113	2	12.8	2.03	5.28	0.384	0.63	2.02	0.311	0.42	0.51	0.810	0.20	0.59	0.80	1.81	0.32	0.04	1.21	0.96	5.10	2	1	Bobby Brown
115	14	13.9	1.90	5.01	0.378	0.64	2.16	0.298	0.64	0.93	0.692	0.21	0.94	1.15	1.96	0.54	0.10	1.28	1.01	5.08	2	12	Will Solomon
470	133	23.4	3.76	8.32	0.452	1.52	3.55	0.429	1.18	1.33	0.886	0.62	1.83	2.44	0.97	0.60	0.15	1.72	0.78	10.22	7	23	Anthony Morrow
65	1	9.1	1.57	3.92	0.400	0.80	2.25	0.356	0.14	0.15	0.900	0.12	0.63	0.75	0.54	0.35	0.02	0.78	0.37	4.08	3	2	Anthony Roberson
659	30	17.9	1.96	3.67	0.533	0.02	0.08	0.231	1.57	2.40	0.653	1.72	3.39	5.11	0.49	0.44	1.47	1.96	0.76	5.51	1	45	Chris Andersen
507	86	12.8	1.07	2.35	0.456	0.03	0.13	0.206	0.43	0.62	0.693	1.00	1.09	2.09	0.49	0.64	0.27	1.48	0.33	2.60	1	34	Ryan Bowen
410	42	13.2	1.57	3.27	0.479	0.00	0.01	0.000	0.64	1.44	0.441	1.53	2.16	3.70	0.44	0.37	0.74	1.98	0.70	3.77	9	4	Lou Amundson
23	0	5.4	0.65	1.39	0.469	0.00	0.00	0.000	0.13	0.39	0.333	0.65	0.91	1.57	0.04	0.09	0.26	0.70	0.22	1.43	2	34	Othello Hunter
187	56	14.0	1.25	3.49	0.357	0.65	2.17	0.301	0.36	0.55	0.650	0.41	0.97	1.38	0.65	0.28	0.09	1.48	0.39	3.50	4	3	Yakhouba Diawara
13	5	13.1	1.85	4.15	0.444	0.00	0.23	0.000	0.38	1.08	0.357	0.46	1.38	1.85	1.00	0.69	0.15	1.85	1.15	4.08	1	12	DeMarcus Nelson
14	0	12.1	0.86	2.07	0.414	0.00	0.00	0.000	0.79	1.64	0.478	0.93	1.86	2.79	0.21	0.50	0.43	1.57	1.07	2.50	2	5	Darryl Watkins
11	0	7.8	0.82	2.64	0.310	0.45	1.82	0.250	0.27	0.27	1.000	0.00	0.64	0.64	1.00	0.09	0.00	0.73	0.45	2.36	3	12	Desmon Farmer
27	0	5.0	0.22	1.04	0.214	0.00	0.07	0.000	0.48	0.78	0.619	0.37	0.52	0.89	0.26	0.11	0.00	0.48	0.19	0.93	1	23	Devin Green
243	19	13.4	1.49	3.22	0.462	0.14	0.49	0.292	0.80	0.96	0.833	1.32	2.42	3.74	0.45	0.40	0.48	1.60	0.58	3.93	5	34	James Singleton
146	7	8.2	0.88	1.97	0.449	0.01	0.04	0.167	0.55	1.02	0.544	1.03	1.45	2.49	0.25	0.30	0.26	1.32	0.40	2.33	8	34	Shavlik Randolph
140	31	14.2	1.82	4.91	0.371	0.02	0.13	0.167	0.91	1.29	0.702	1.34	2.17	3.51	0.45	0.33	0.21	1.93	0.76	4.57	9	5	Earl Barron
517	169	21.8	3.32	8.27	0.401	0.87	2.58	0.339	1.46	1.71	0.858	0.37	1.32	1.70	3.38	0.53	0.06	1.33	1.58	8.97	1	12	Troy Hudson
458	169	18.5	1.67	3.98	0.419	0.11	0.34	0.318	0.62	0.88	0.711	0.58	1.48	2.07	0.94	0.57	0.28	1.86	0.47	4.07	8	23	Quinton Ross
868	600	28.3	3.97	8.26	0.480	0.23	0.70	0.330	3.03	3.77	0.804	1.97	5.17	7.14	2.85	0.74	0.68	2.74	1.57	11.20	1	5	Brad Miller
491	55	12.7	1.31	3.50	0.374	0.38	1.31	0.293	0.54	0.74	0.738	0.31	0.84	1.15	1.70	0.73	0.09	1.61	0.85	3.55	1	12	Ronnie Price
11	4	27.7	3.18	8.64	0.368	0.73	3.00	0.242	0.55	0.82	0.667	0.73	3.27	4.00	1.64	0.82	0.18	1.64	0.45	7.64	2	34	Kasib Powell
25	0	6.8	0.84	2.48	0.339	0.04	0.44	0.091	0.36	0.68	0.529	0.28	0.60	0.88	1.16	0.20	0.12	0.68	0.80	2.08	4	2	Mustafa Shakur
867	791	26.6	6.11	12.07	0.507	0.00	0.03	0.115	2.61	3.38	0.773	1.77	4.32	6.09	1.40	0.43	1.28	3.47	1.82	14.85	1	5	Rik Smits
1	0	2.4	1.00	1.00	1.000	0.00	0.00	0.000	0.00	0.00	0.000	2.00	1.00	3.00	0.00	0.00	0.00	0.00	0.00	2.00	1	5	Steven Hill
19	0	11.9	1.11	4.05	0.273	0.74	2.47	0.298	1.68	1.74	0.970	0.05	1.11	1.16	1.16	0.37	0.00	1.42	1.16	4.63	3	12	Blake Ahearn
993	690	30.0	5.74	12.65	0.454	0.68	2.04	0.331	3.59	4.17	0.861	0.62	2.62	3.24	5.98	1.07	0.16	2.76	2.44	15.75	1	12	Sam Cassell
26	5	14.5	0.88	3.12	0.284	0.04	0.62	0.062	0.27	0.62	0.438	0.77	1.35	2.12	0.62	0.31	0.04	1.42	0.65	2.08	2	34	Britton Johnsen
839	727	33.7	6.36	14.32	0.444	1.56	3.87	0.402	3.07	3.55	0.863	0.42	2.48	2.90	2.37	0.67	0.17	2.46	2.10	17.34	1	12	Allan Houston
90	7	12.8	1.41	3.82	0.369	0.50	1.60	0.312	0.46	0.63	0.719	0.27	1.21	1.48	0.62	0.24	0.09	1.21	0.39	3.78	3	34	Jawad Williams
67	6	7.4	0.84	2.24	0.373	0.34	1.04	0.329	0.31	0.43	0.724	0.73	0.99	1.72	0.28	0.25	0.07	1.04	0.33	2.33	4	34	Josh Davis
2	0	1.7	0.50	0.50	1.000	0.00	0.00	0.000	0.00	1.00	0.000	0.00	0.00	0.00	0.00	0.00	0.00	0.00	0.50	1.00	1	23	Matt Walsh
19	0	7.4	0.79	1.95	0.405	0.05	0.37	0.143	0.42	0.53	0.800	0.37	1.11	1.47	0.42	0.47	0.11	0.89	0.47	2.05	1	12	Eddie Basden
3	0	4.4	0.00	1.00	0.000	0.00	0.33	0.000	0.67	0.67	1.000	1.00	0.00	1.00	0.00	0.00	0.00	0.67	1.00	0.67	1	34	Roger Powell
6	0	14.0	1.83	3.67	0.500	0.17	0.33	0.500	1.00	1.50	0.667	0.17	1.83	2.00	1.50	0.67	0.17	1.50	1.00	4.83	1	12	Dontell Jefferson
23	0	7.4	0.87	2.26	0.385	0.04	0.13	0.333	0.78	0.83	0.947	0.22	0.65	0.87	0.65	0.09	0.04	1.13	0.48	2.57	3	3	Trey Johnson
151	27	14.0	1.58	3.80	0.416	0.21	0.70	0.305	0.48	0.68	0.699	1.05	2.21	3.26	0.43	0.56	0.42	1.79	0.66	3.85	6	34	Linton Johnson
46	4	8.2	0.54	1.59	0.342	0.00	0.00	0.000	0.09	0.30	0.286	0.74	1.63	2.37	0.30	0.17	0.28	1.74	0.50	1.17	3	5	Jared Reiner
287	66	21.9	2.76	6.78	0.407	1.06	3.07	0.346	1.33	1.62	0.821	0.51	1.80	2.31	1.21	0.61	0.10	1.89	0.98	7.91	6	23	Alan Anderson
855	496	28.4	4.60	11.55	0.398	1.47	4.60	0.320	2.10	2.86	0.733	0.44	2.13	2.57	3.41	1.14	0.18	2.07	1.95	12.76	1	12	Vernon Maxwell
858	676	31.9	5.37	12.95	0.414	1.46	4.39	0.333	2.93	3.68	0.798	0.79	3.09	3.88	3.07	1.29	0.37	2.38	2.50	15.12	1	23	Stephen Jackson
1089	989	31.1	3.54	7.68	0.460	0.01	0.05	0.136	1.98	2.50	0.794	2.76	4.97	7.72	1.53	0.84	1.02	2.95	1.23	9.06	1	5	P.J. Brown
797	198	16.9	2.18	4.37	0.500	0.00	0.02	0.083	1.05	1.50	0.697	1.41	2.35	3.76	0.62	0.41	0.24	2.53	0.83	5.41	1	4	Mark Bryant
1296	1091	30.2	3.70	8.28	0.447	0.57	1.71	0.332	1.67	2.17	0.770	0.99	2.84	3.83	7.97	1.24	0.09	1.72	2.43	9.64	1	1	Mark Jackson
135	3	10.0	0.66	1.64	0.401	0.02	0.14	0.158	0.60	0.84	0.711	0.25	0.82	1.07	1.36	0.31	0.07	0.94	0.58	1.94	6	12	Jermaine Jackson
140	2	10.5	1.27	3.09	0.411	0.68	1.91	0.356	0.36	0.45	0.810	0.26	0.91	1.17	0.59	0.26	0.07	0.87	0.25	3.59	5	12	Richie Frahm
127	8	10.2	1.57	3.84	0.408	0.07	0.28	0.250	0.48	0.72	0.663	0.71	1.39	2.09	0.35	0.22	0.31	1.42	0.69	3.69	3	5	Pat Burke
520	61	13.0	1.13	2.91	0.390	0.35	1.01	0.344	0.45	0.57	0.783	0.53	1.46	1.99	0.84	0.30	0.23	1.57	0.66	3.07	1	4	Brian Scalabrine
40	5	11.0	1.27	3.27	0.389	0.38	0.95	0.395	1.00	1.25	0.800	0.82	1.20	2.02	0.50	0.35	0.47	1.95	0.40	3.92	2	34	Rob Kurz
247	69	14.6	2.17	4.30	0.506	0.00	0.01	0.000	0.64	1.23	0.525	1.32	2.26	3.57	0.67	0.26	0.51	2.34	1.09	4.99	6	5	Zan Tabak
1159	512	24.5	3.84	8.34	0.461	0.52	1.54	0.336	2.79	3.44	0.810	0.82	1.37	2.19	1.46	0.92	0.21	2.76	1.43	10.99	1	3	Johnny Newman
1003	671	28.4	3.46	7.42	0.467	0.08	0.29	0.283	2.48	3.26	0.761	2.16	3.97	6.13	1.71	1.20	0.36	2.95	1.62	9.49	1	4	Grant Long
105	4	7.9	1.01	1.64	0.616	0.03	0.08	0.375	0.68	0.91	0.740	0.53	1.13	1.67	0.25	0.23	0.41	1.33	0.51	2.72	5	45	Maceo Baston
748	581	36.9	5.77	13.34	0.433	1.45	3.83	0.378	3.00	3.59	0.834	0.73	3.15	3.88	2.69	1.17	0.42	2.29	2.03	15.99	1	12	Cuttino Mobley
678	302	24.2	4.20	9.19	0.457	0.79	2.05	0.384	1.40	1.79	0.781	1.52	3.91	5.43	1.31	0.59	0.44	2.80	1.26	10.58	1	4	Terry Mills
16	0	3.4	0.50	1.06	0.471	0.00	0.00	0.000	0.19	0.38	0.500	0.19	0.38	0.56	0.19	0.06	0.06	0.88	0.25	1.19	1	4	Brent Scott
1049	842	32.0	5.38	11.90	0.452	1.70	4.41	0.386	2.39	2.97	0.805	1.35	3.83	5.18	1.68	1.06	0.52	2.32	1.50	14.85	1	34	Rashard Lewis
447	221	25.2	2.66	6.59	0.404	0.65	1.88	0.344	1.17	1.61	0.730	0.61	2.07	2.68	3.58	1.30	0.29	2.16	1.58	7.14	8	23	Marko Jaric
341	56	15.5	1.80	4.32	0.417	0.19	0.60	0.315	0.97	1.23	0.788	0.22	1.44	1.66	2.27	0.74	0.10	1.55	0.81	4.76	9	12	Jason Hart
985	516	21.6	3.18	6.47	0.492	0.00	0.03	0.154	1.55	2.11	0.737	2.16	4.64	6.79	1.16	0.75	0.99	3.19	1.67	7.92	1	5	LaSalle Thompson
867	770	35.3	6.51	15.08	0.431	1.78	5.01	0.355	2.94	3.76	0.782	0.63	2.67	3.29	8.18	1.65	0.15	2.34	2.86	17.73	1	1	Tim Hardaway
25	0	5.6	0.52	1.28	0.406	0.00	0.00	0.000	0.32	0.48	0.667	0.48	0.88	1.36	0.08	0.16	0.12	0.80	0.48	1.36	2	34	Lari Ketner
226	87	21.0	2.58	6.36	0.405	0.29	0.89	0.322	2.20	2.73	0.806	0.54	1.20	1.74	4.03	0.96	0.03	1.71	1.75	7.65	4	1	Tyus Edney
719	226	22.2	2.78	6.07	0.457	0.43	1.35	0.316	1.43	1.94	0.739	0.81	2.32	3.13	1.40	0.77	0.25	2.00	1.33	7.41	1	23	Shandon Anderson
852	354	23.8	2.99	7.03	0.425	0.30	1.11	0.267	1.50	1.85	0.811	0.55	1.59	2.14	3.89	0.86	0.16	2.14	1.49	7.78	1	2	Bimbo Coles
942	717	30.6	4.89	11.13	0.440	1.22	3.41	0.358	3.25	3.85	0.845	1.18	2.07	3.25	3.10	0.77	0.29	2.42	1.82	14.26	1	2	Steve Smith
136	1	9.2	1.57	3.76	0.417	0.51	1.33	0.387	0.79	1.08	0.735	0.41	1.29	1.70	0.29	0.18	0.21	1.14	0.50	4.44	5	5	Zhizhi Wang
913	868	38.6	6.65	15.66	0.425	1.21	3.58	0.337	3.79	4.71	0.804	0.84	3.24	4.08	4.01	1.42	0.43	1.85	2.68	18.30	1	2	Latrell Sprewell
994	322	22.4	3.24	7.25	0.447	0.07	0.29	0.223	2.14	2.74	0.784	1.26	2.47	3.73	1.10	0.55	0.30	2.52	0.84	8.69	1	3	Sam Mitchell
704	559	33.7	5.67	12.40	0.458	0.71	2.26	0.316	3.11	4.02	0.774	1.38	3.08	4.47	5.01	1.60	0.44	2.22	2.54	15.18	1	1	Penny Hardaway
976	901	35.2	7.48	16.43	0.455	1.36	3.50	0.388	4.67	5.50	0.850	0.90	2.99	3.89	3.48	1.24	0.26	2.56	2.64	21.00	1	2	Mitch Richmond
1009	967	30.9	5.28	11.84	0.446	0.52	1.79	0.289	2.71	3.77	0.720	1.31	2.96	4.27	3.88	1.70	0.72	2.30	2.23	13.79	1	2	Ron Harper
325	28	16.5	2.08	5.18	0.401	0.79	2.15	0.366	0.87	1.10	0.798	0.33	1.27	1.59	2.35	0.60	0.04	1.17	1.02	5.82	7	12	Shammond Williams
748	228	22.1	2.50	4.94	0.506	0.00	0.02	0.214	1.98	2.78	0.714	1.64	2.85	4.49	1.22	0.60	1.31	3.21	1.27	6.99	1	5	John Salley
1165	1035	33.2	4.67	9.18	0.509	0.00	0.05	0.063	1.81	2.62	0.692	2.98	5.13	8.11	2.21	0.98	0.97	2.43	1.12	11.16	1	4	Horace Grant
885	651	32.8	5.44	12.71	0.428	1.00	2.73	0.365	2.47	3.00	0.825	1.34	3.35	4.69	3.22	0.82	0.21	2.23	2.46	14.34	1	2	Jim Jackson
737	380	20.8	2.42	5.14	0.470	0.01	0.03	0.250	1.18	1.58	0.744	1.61	3.15	4.76	0.58	0.45	1.49	2.76	0.95	6.01	1	5	Andrew Lang
89	11	13.5	1.72	4.47	0.384	0.56	1.51	0.373	0.49	0.74	0.667	0.69	1.19	1.88	0.92	0.63	0.04	1.20	0.74	4.49	7	2	Larry Robinson
640	404	19.2	1.87	3.85	0.484	0.00	0.00	0.000	1.51	2.30	0.658	2.05	3.32	5.37	0.33	0.39	0.83	3.31	1.04	5.24	1	5	Felton Spencer
923	572	30.3	5.26	11.86	0.443	0.81	2.28	0.355	3.00	3.75	0.801	0.53	2.93	3.46	3.82	0.79	0.34	2.61	2.28	14.32	1	12	Jalen Rose
418	80	16.8	1.96	4.59	0.426	0.87	2.24	0.387	1.15	1.40	0.824	0.42	1.22	1.64	2.96	0.75	0.04	1.82	1.50	5.94	1	1	Brent Price
887	331	18.4	1.57	3.81	0.412	0.00	0.01	0.000	0.78	1.70	0.458	2.52	3.63	6.15	0.42	0.38	1.16	2.62	0.83	3.92	1	5	Chris Dudley
565	320	27.2	4.33	10.43	0.415	1.66	4.31	0.384	1.63	2.07	0.787	0.61	2.23	2.85	2.09	0.75	0.23	2.15	1.32	11.94	1	2	Voshon Lenard
1136	526	29.6	4.75	9.68	0.491	0.42	1.09	0.384	3.95	4.92	0.803	1.65	4.54	6.18	3.37	0.75	0.27	2.96	2.00	13.87	1	3	Detlef Schrempf
31	0	8.6	0.74	1.58	0.469	0.00	0.00	0.000	0.29	0.65	0.450	0.58	1.16	1.74	0.26	0.10	0.23	1.48	0.29	1.77	2	5	Luke Schenscher
880	671	32.9	5.27	13.02	0.405	1.74	4.86	0.357	2.11	2.66	0.794	0.43	2.47	2.89	6.56	0.83	0.10	1.57	2.10	14.38	1	1	Nick Van Exel
203	19	13.2	1.50	3.69	0.406	0.17	0.48	0.351	0.65	0.84	0.771	0.36	1.02	1.39	2.04	0.60	0.15	1.46	1.10	3.81	1	23	Randy Livingston
341	54	9.6	1.27	3.00	0.425	0.00	0.01	0.000	0.91	1.40	0.655	1.00	1.71	2.70	0.24	0.18	0.14	1.68	0.63	3.46	1	45	Jack Haley
765	482	27.6	4.36	9.00	0.484	0.20	0.75	0.267	2.09	3.09	0.678	0.73	1.46	2.19	5.93	1.03	0.10	2.11	2.30	11.01	1	1	Sherman Douglas
230	40	18.2	2.74	6.65	0.412	0.32	1.07	0.300	0.60	0.79	0.758	0.51	2.09	2.60	0.78	0.50	0.13	1.45	0.60	6.40	5	3	Rodney Buford
825	497	26.7	4.08	8.76	0.466	0.25	0.83	0.298	1.08	1.56	0.691	0.89	2.28	3.16	1.69	0.80	0.24	2.51	1.20	9.49	1	23	Calbert Cheaney
832	484	23.5	3.26	7.13	0.457	0.00	0.05	0.103	1.59	2.22	0.715	2.09	4.24	6.33	0.69	0.64	2.55	3.09	1.27	8.12	1	5	Shawn Bradley
25	0	5.5	0.52	1.56	0.333	0.00	0.00	0.000	1.12	1.44	0.778	0.52	0.88	1.40	0.20	0.08	0.04	0.72	0.36	2.16	1	5	Tim Young
460	334	27.4	3.62	8.59	0.421	0.45	1.44	0.313	1.36	1.79	0.760	0.55	1.93	2.48	4.08	1.19	0.24	1.95	1.35	9.05	1	12	Alvin Williams
937	639	29.1	4.17	8.59	0.486	0.22	0.69	0.316	2.40	3.08	0.779	1.62	3.07	4.68	2.41	1.14	0.65	2.88	1.83	10.96	1	3	Derrick McKey
1117	613	23.1	2.77	5.63	0.493	0.00	0.03	0.132	1.40	1.99	0.704	1.62	4.60	6.23	0.97	0.57	0.90	3.13	1.30	6.95	1	5	Rick Mahorn
914	352	22.7	2.19	3.87	0.567	0.00	0.04	0.079	1.05	2.01	0.521	1.84	3.01	4.85	1.58	0.94	1.31	2.37	1.16	5.44	1	34	Bo Outlaw
19	0	7.1	0.74	2.16	0.341	0.16	0.63	0.250	0.68	0.79	0.867	0.16	0.37	0.53	0.26	0.37	0.00	0.53	0.42	2.32	1	12	Arvydas Macijauskas
22	1	6.9	1.00	2.41	0.415	0.00	0.05	0.000	0.27	0.41	0.667	0.68	1.00	1.68	0.32	0.09	0.23	1.05	0.27	2.27	1	5	Boniface Ndong
791	604	32.5	5.93	12.23	0.485	0.05	0.23	0.215	3.05	4.79	0.638	2.86	4.56	7.42	1.91	0.74	1.01	3.24	2.22	14.97	1	4	Vin Baker
915	610	30.3	4.40	9.33	0.471	0.01	0.06	0.196	2.65	3.56	0.743	2.32	5.16	7.48	1.47	0.96	0.87	2.22	1.56	11.46	1	4	Clarence Weatherspoon
18	1	13.2	1.67	4.94	0.337	0.39	1.44	0.269	0.94	1.28	0.739	0.39	1.28	1.67	1.83	0.39	0.28	1.56	0.83	4.67	2	12	Gerald Fitch
133	15	11.7	1.32	3.01	0.440	0.00	0.00	0.000	1.75	2.65	0.660	1.38	2.11	3.49	0.25	0.29	0.21	1.62	0.81	4.40	7	5	Zendon Hamilton
41	0	10.5	1.49	3.44	0.433	0.44	1.27	0.346	0.66	0.78	0.844	0.05	0.61	0.66	1.29	0.41	0.02	0.78	0.44	4.07	2	2	Lynn Greer
757	227	20.9	2.53	6.27	0.403	0.81	2.31	0.349	1.40	1.91	0.733	0.36	1.51	1.87	3.96	1.17	0.10	1.75	1.38	7.26	1	1	Greg Anthony
966	790	30.5	5.25	12.08	0.434	0.33	1.09	0.300	2.55	3.38	0.754	1.32	2.82	4.14	3.05	1.57	0.45	2.60	1.80	13.37	1	2	Kendall Gill
845	453	20.1	1.65	3.26	0.505	0.00	0.01	0.200	0.81	1.34	0.605	1.98	4.11	6.09	0.46	0.56	1.29	2.88	0.86	4.11	1	5	Ervin Johnson
117	1	11.2	0.97	2.79	0.350	0.34	1.08	0.317	0.58	0.92	0.630	0.26	0.79	1.05	1.72	0.44	0.08	1.08	0.88	2.87	4	12	Jerome Allen
1153	571	24.4	4.10	8.82	0.465	0.05	0.25	0.201	2.01	2.92	0.690	2.02	3.48	5.50	1.85	1.24	0.69	3.00	1.37	10.26	1	4	Jerome Kersey
656	95	12.2	1.60	3.63	0.440	0.03	0.14	0.225	0.65	0.86	0.748	0.78	1.80	2.58	0.54	0.14	0.29	1.86	0.71	3.87	1	5	Greg Foster
846	260	26.3	4.29	9.61	0.447	0.86	2.58	0.335	2.14	2.94	0.729	1.20	3.00	4.20	3.69	0.97	0.34	1.73	1.83	11.60	1	3	Toni Kukoc
882	559	34.7	4.06	7.97	0.509	0.00	0.01	0.167	2.82	3.98	0.709	2.17	6.08	8.25	3.36	0.73	0.28	2.67	1.76	10.95	1	4	Anthony Mason
5	0	2.4	0.00	0.60	0.000	0.00	0.00	0.000	0.00	0.00	0.000	0.00	0.00	0.00	0.00	0.00	0.00	0.20	0.40	0.00	1	12	Chris McCray
969	269	24.4	5.56	11.28	0.493	0.31	0.95	0.322	3.50	3.99	0.875	0.89	1.48	2.37	1.88	0.79	0.15	2.29	1.50	14.93	1	2	Ricky Pierce
18	2	9.1	0.94	3.17	0.298	0.17	0.56	0.300	0.22	0.44	0.500	0.39	0.61	1.00	0.17	0.44	0.17	1.22	0.67	2.28	5	23	Brandon Williams
11	0	3.8	0.45	1.18	0.385	0.00	0.09	0.000	0.45	0.64	0.714	0.64	0.36	1.00	0.09	0.00	0.00	0.73	0.09	1.36	1	34	Ivan McFarlin
NBB	19	4	13.2	1.42	3.95	0.360	0.63	1.89	0.333	1.74	2.21	0.786	0.53	1.79	2.32	0.47	0.58	0.11	2.00	1.00	1	34	Jefferson Sobral
62	0	8.2	1.03	2.52	0.410	0.00	0.03	0.000	0.85	1.45	0.589	1.34	1.56	2.90	0.18	0.23	0.23	1.32	0.65	2.92	4	34	Pops Mensah-Bonsu
22	0	4.6	0.23	1.09	0.208	0.00	0.00	0.000	0.23	0.55	0.417	0.27	0.41	0.68	0.05	0.05	0.32	0.73	0.45	0.68	3	5	Cezary Trybanski
294	93	16.4	2.26	5.60	0.403	0.00	0.04	0.077	1.73	2.59	0.671	0.78	1.84	2.63	0.78	0.31	0.32	1.70	1.31	6.25	6	5	John Amaechi
17	6	9.8	1.65	3.71	0.444	0.00	0.18	0.000	0.35	0.65	0.545	0.82	1.53	2.35	0.59	0.35	0.18	0.53	0.35	3.65	2	34	Lazaro Borrell
337	51	13.5	1.18	3.12	0.378	0.30	0.82	0.362	0.58	0.84	0.693	0.25	1.07	1.33	2.60	0.60	0.06	1.07	1.06	3.23	1	2	Rick Brunson
786	168	20.4	2.39	5.87	0.407	0.66	1.88	0.350	1.07	1.29	0.827	0.26	1.42	1.68	3.50	0.69	0.11	2.16	1.49	6.51	1	12	Howard Eisley
567	361	21.2	2.97	6.43	0.462	0.00	0.01	0.000	1.27	1.67	0.760	1.54	3.39	4.93	1.47	0.49	0.97	3.05	1.66	7.21	1	5	Luc Longley
61	0	7.3	0.97	2.89	0.335	0.18	0.72	0.250	1.08	1.36	0.795	0.18	0.56	0.74	0.21	0.20	0.03	0.46	0.57	3.20	4	3	Lavor Postell
1000	876	35.0	6.78	14.87	0.456	1.56	3.90	0.400	3.23	3.81	0.846	0.95	3.44	4.39	2.10	0.96	0.27	2.36	1.73	18.34	1	3	Glen Rice
1	0	5.0	0.00	1.00	0.000	0.00	0.00	0.000	0.00	0.00	0.000	0.00	0.00	0.00	0.00	0.00	0.00	2.00	0.00	0.00	5	5	Jonathan Kerner
445	37	17.2	1.83	4.57	0.401	0.26	0.91	0.286	1.18	1.59	0.740	0.47	1.48	1.95	2.77	0.72	0.04	1.09	1.18	5.11	9	12	Moochie Norris
889	556	28.6	3.20	6.99	0.458	0.12	0.43	0.277	1.19	1.44	0.827	0.60	2.01	2.61	7.57	1.54	0.04	1.78	1.61	7.71	1	1	Muggsy Bogues
16	0	7.0	1.00	2.06	0.485	0.12	0.19	0.667	0.44	0.62	0.700	0.25	1.19	1.44	0.19	0.31	0.00	1.25	0.50	2.56	3	2	Melvin Sanders
1	0	0.1	0.00	0.00	0.000	0.00	0.00	0.000	0.00	0.00	0.000	0.00	0.00	0.00	0.00	0.00	0.00	0.00	0.00	0.00	3	12	Alex Scales
54	1	8.7	0.65	1.74	0.372	0.15	0.59	0.250	0.20	0.52	0.393	0.28	0.65	0.93	1.04	0.35	0.04	0.63	0.59	1.65	4	1	Jamison Brewer
65	5	6.7	0.65	1.45	0.447	0.00	0.00	0.000	0.23	0.38	0.600	0.40	0.63	1.03	0.12	0.09	0.29	1.35	0.31	1.52	2	5	John Edwards
63	11	9.6	0.89	2.37	0.376	0.08	0.33	0.238	0.84	1.17	0.716	0.25	0.70	0.95	0.37	0.32	0.19	0.62	0.54	2.70	2	3	Rawle Marshall
1	0	27.4	2.00	10.00	0.200	0.00	0.00	0.000	1.00	2.00	0.500	0.00	2.00	2.00	0.00	2.00	0.00	4.00	1.00	5.00	1	34	Renaldo Major
62	1	13.8	1.71	4.18	0.409	0.10	0.48	0.200	0.60	0.66	0.902	0.15	0.98	1.13	2.61	0.47	0.03	0.87	0.82	4.11	1	12	Pooh Jeter
8	0	3.5	0.25	1.00	0.250	0.00	0.00	0.000	0.12	0.25	0.500	0.12	0.62	0.75	0.00	0.12	0.00	0.50	0.25	0.62	1	4	Steven Smith
28	1	11.4	1.50	3.71	0.404	0.25	0.82	0.304	0.61	0.71	0.850	0.89	1.32	2.21	0.36	0.32	0.39	0.79	0.75	3.86	1	4	Antonis Fotsis
75	2	16.7	2.63	6.23	0.422	0.24	1.08	0.222	0.92	1.17	0.784	1.09	2.33	3.43	0.69	0.56	0.21	1.60	0.92	6.41	1	34	Mike Batiste
16	0	6.7	0.19	1.38	0.136	0.00	0.38	0.000	0.06	0.50	0.125	0.25	0.44	0.69	1.00	0.00	0.00	0.81	0.38	0.44	3	12	Will Conroy
6	0	5.0	0.33	1.50	0.222	0.17	0.67	0.250	0.00	0.00	0.000	0.00	0.33	0.33	0.33	0.17	0.00	0.17	0.83	0.83	2	12	Kirk Penney
4	0	4.2	0.25	1.50	0.167	0.25	0.25	1.000	1.00	1.00	1.000	0.50	0.50	1.00	0.75	0.00	0.00	0.25	0.25	1.75	2	1	Yuta Tabuse
10	0	11.6	0.90	3.10	0.290	0.00	0.40	0.000	0.50	1.00	0.500	0.60	0.70	1.30	0.60	0.50	0.20	1.60	0.30	2.30	1	3	Mark Jones
33	2	8.1	0.67	1.18	0.564	0.00	0.00	0.000	0.30	0.61	0.500	0.88	1.42	2.30	0.15	0.12	0.21	1.45	0.42	1.64	2	34	James Thomas
140	65	22.1	2.07	5.59	0.371	0.14	0.52	0.274	0.95	1.38	0.689	0.49	2.23	2.72	3.06	0.90	0.18	2.86	1.79	5.24	4	12	Junior Harrington
12	0	8.5	1.17	3.08	0.378	0.08	0.50	0.167	0.08	0.08	1.000	0.42	0.75	1.17	0.50	0.33	0.00	0.67	0.92	2.50	3	34	Jamel Thomas
587	254	16.8	1.90	3.76	0.507	0.00	0.00	0.000	0.99	1.59	0.621	1.75	2.49	4.24	0.58	0.66	0.51	3.05	0.94	4.80	1	5	Andrew DeClercq
604	302	25.4	4.39	10.36	0.423	0.29	0.87	0.335	1.85	2.31	0.803	0.85	1.88	2.74	2.66	1.37	0.33	1.70	1.88	10.92	1	1	Kevin Edwards
67	1	12.2	1.33	3.60	0.369	0.25	1.03	0.246	0.36	0.49	0.727	0.31	0.75	1.06	2.01	0.43	0.01	1.03	0.70	3.27	4	3	Andre Barrett
4	0	10.8	0.75	2.00	0.375	0.00	0.00	0.000	0.50	1.50	0.333	1.00	1.75	2.75	0.50	0.00	0.25	1.25	1.00	2.00	1	34	Hiram Fuller
431	71	16.7	2.01	5.14	0.391	0.80	2.27	0.352	0.68	0.89	0.764	0.48	1.34	1.82	1.16	0.60	0.12	1.68	0.81	5.50	1	2	Jaren Jackson
591	341	26.7	6.01	13.56	0.443	0.80	2.27	0.354	1.82	2.02	0.903	0.39	1.53	1.92	3.55	0.84	0.08	1.90	1.66	14.64	9	1	Mahmoud Abdul-Rauf
16	0	9.8	0.94	2.31	0.405	0.00	0.00	0.000	0.12	0.38	0.333	0.25	1.75	2.00	0.00	0.06	0.75	1.25	0.38	2.00	2	5	Ken Johnson
1051	727	27.9	5.24	10.73	0.488	0.03	0.11	0.277	4.10	5.52	0.741	2.88	5.53	8.41	1.62	1.13	1.22	3.64	2.63	14.60	1	5	Shawn Kemp
827	709	31.5	3.92	9.19	0.426	0.97	2.75	0.354	2.44	2.97	0.821	0.96	3.13	4.09	3.62	1.88	0.47	2.48	2.08	11.25	1	2	Doug Christie
736	363	25.1	4.26	9.92	0.430	0.72	1.99	0.360	2.02	2.66	0.759	1.27	2.85	4.12	1.33	0.93	0.43	2.00	1.64	11.26	1	3	Lamond Murray
756	577	28.3	4.10	8.38	0.490	0.01	0.04	0.214	2.28	3.05	0.746	2.43	5.01	7.44	1.22	0.60	0.74	3.19	1.63	10.49	1	4	Brian Grant
71	3	8.2	0.59	1.35	0.438	0.00	0.01	0.000	0.52	0.85	0.617	0.96	1.49	2.45	0.15	0.25	0.15	1.75	0.59	1.70	2	45	Esteban Batista
23	5	8.7	0.48	1.70	0.282	0.09	0.57	0.154	0.09	0.26	0.333	0.13	0.87	1.00	0.39	0.22	0.09	1.39	0.39	1.13	1	12	Cedric Bozeman
252	92	15.8	2.42	5.53	0.437	0.28	0.80	0.347	1.45	1.76	0.824	0.82	1.35	2.17	0.61	0.40	0.32	1.95	0.92	6.56	8	4	Chris Crawford
12	0	9.0	1.58	3.17	0.500	0.42	1.25	0.333	0.75	1.17	0.643	0.08	1.33	1.42	0.75	0.58	0.00	1.17	0.75	4.33	1	12	Anthony Grundy
21	0	10.7	1.67	3.43	0.486	0.00	0.05	0.000	0.57	1.24	0.462	1.14	1.19	2.33	0.43	0.14	0.05	1.43	0.67	3.90	2	34	Rick Hughes
763	607	30.9	5.07	11.25	0.451	0.27	0.96	0.284	2.55	3.37	0.757	2.09	5.23	7.33	2.80	1.41	0.64	2.47	2.27	12.97	1	4	Tom Gugliotta
278	97	19.9	3.25	7.64	0.425	0.24	0.70	0.340	1.13	1.42	0.799	1.13	2.37	3.50	0.81	0.47	0.42	1.84	0.87	7.87	4	45	Peja Drobnjak
39	1	8.7	0.56	2.26	0.250	0.26	1.38	0.185	0.41	0.44	0.941	0.10	0.56	0.67	1.23	0.67	0.05	1.62	0.64	1.79	1	12	Kevin Burleson
10	0	11.0	1.10	3.50	0.314	0.40	1.10	0.364	1.60	2.00	0.800	0.20	0.90	1.10	0.40	0.00	0.00	1.00	0.90	4.20	2	2	Maurice Carter
47	5	15.1	2.13	5.51	0.386	1.02	2.47	0.414	0.89	1.17	0.764	0.38	1.09	1.47	0.91	0.43	0.06	1.81	0.89	6.17	1	12	Allan Ray
6	0	16.7	2.00	4.50	0.444	0.17	0.33	0.500	1.00	1.50	0.667	1.17	1.33	2.50	0.83	0.50	0.50	2.00	0.67	5.17	1	45	Kevinn Pinkney
100	43	19.4	2.14	6.22	0.344	1.20	3.60	0.333	0.98	1.31	0.748	0.27	1.54	1.81	2.15	0.56	0.07	1.12	0.83	6.46	2	2	J.R. Bremer
286	43	11.5	0.86	1.94	0.442	0.00	0.00	0.000	0.46	0.88	0.522	1.22	1.95	3.17	0.31	0.20	0.97	1.95	0.50	2.18	8	45	Michael Stewart
1	0	1.0	0.00	0.00	0.000	0.00	0.00	0.000	0.00	0.00	0.000	0.00	0.00	0.00	0.00	0.00	0.00	0.00	0.00	0.00	2	34	Andy Panko
930	585	25.5	3.64	8.08	0.450	0.83	2.37	0.349	1.54	2.00	0.770	1.07	2.71	3.78	2.85	1.04	0.38	2.95	1.73	9.64	1	3	Rick Fox
3	0	7.0	0.33	2.00	0.167	0.00	0.00	0.000	0.33	1.33	0.250	0.33	1.67	2.00	0.00	0.00	0.33	1.33	1.00	1.00	4	5	Ernest Brown
53	5	13.0	1.13	3.38	0.335	0.17	0.45	0.375	0.38	0.45	0.833	0.98	1.98	2.96	0.66	0.21	0.17	1.43	0.77	2.81	2	34	Theron Smith
