279	213	26.9	2.87	6.48	0.444	0.71	2.02	0.350	1.27	1.70	0.746	1.64	3.84	5.48	1.44	1.10	0.25	2.13	1.09	7.72	4	3	P.J. Tucker
91	7	9.5	1.13	2.56	0.442	0.21	0.68	0.306	0.69	1.01	0.685	0.56	1.08	1.64	0.48	0.29	0.04	1.58	0.51	3.16	2	34	Bobby Jones
403	49	16.9	3.03	5.48	0.553	0.00	0.07	0.037	1.58	2.39	0.661	1.35	2.54	3.89	0.80	0.45	0.23	2.37	1.02	7.64	6	4	Craig Smith
7	0	5.4	0.43	1.43	0.300	0.00	0.00	0.000	0.57	0.86	0.667	0.86	1.00	1.86	0.14	0.00	0.29	0.86	0.14	1.43	1	5	Kosta Perovic
27	0	5.8	0.70	1.37	0.514	0.00	0.00	0.000	0.15	0.30	0.500	0.63	0.59	1.22	0.15	0.19	0.07	0.74	0.22	1.56	2	45	James Augustine
397	77	23.5	2.68	6.66	0.402	1.46	3.57	0.407	1.03	1.31	0.780	0.36	1.64	1.99	1.95	0.61	0.22	2.04	0.94	7.85	7	12	Daniel Gibson
30	0	5.7	0.63	1.73	0.365	0.20	0.53	0.375	0.23	0.37	0.636	0.37	0.67	1.03	0.20	0.10	0.03	0.73	0.50	1.70	1	4	Damir Markota
26	0	6.6	0.62	1.35	0.457	0.31	0.73	0.421	0.38	0.69	0.556	0.12	0.62	0.73	0.27	0.12	0.08	0.54	0.35	1.92	2	34	Marcus Vinicius
102	25	12.8	1.49	2.88	0.517	0.00	0.00	0.000	1.32	1.97	0.672	0.80	1.89	2.70	0.29	0.37	0.44	2.13	0.87	4.30	3	34	Alexander Johnson
68	11	10.5	0.74	2.16	0.340	0.19	0.76	0.250	0.40	0.62	0.643	0.22	0.79	1.01	1.75	0.47	0.10	1.16	0.71	2.06	2	12	Dee Brown
712	436	28.8	5.21	10.38	0.502	0.29	0.86	0.337	2.93	4.02	0.730	2.34	4.99	7.34	2.10	1.28	0.98	3.21	1.73	13.64	9	45	Paul Millsap
239	19	13.9	2.05	3.98	0.515	0.00	0.02	0.000	2.11	3.09	0.682	1.59	2.22	3.81	0.33	0.29	0.34	2.10	0.79	6.21	5	34	Leon Powe
486	67	11.8	1.32	2.27	0.581	0.00	0.00	0.000	1.06	1.62	0.651	0.86	1.31	2.17	0.29	0.18	0.52	2.01	0.75	3.70	9	5	Ryan Hollins
22	0	5.2	0.41	1.64	0.250	0.00	0.14	0.000	0.18	0.41	0.444	0.59	0.82	1.41	0.05	0.18	0.55	0.68	0.18	1.00	2	5	Cheickh Samb
6	0	3.0	0.17	0.67	0.250	0.00	0.17	0.000	0.50	0.83	0.600	0.33	0.00	0.33	0.17	0.00	0.00	0.00	0.00	0.83	1	12	Guillermo Diaz
72	8	7.6	1.10	2.06	0.534	0.00	0.01	0.000	0.38	0.58	0.643	0.50	0.67	1.17	0.19	0.25	0.07	0.71	0.36	2.57	2	12	Hassan Adams
14	0	11.8	0.64	2.14	0.300	0.07	0.36	0.200	0.43	0.43	1.000	0.43	0.64	1.07	1.21	0.36	0.00	0.64	0.86	1.79	1	12	Will Blalock
594	262	20.6	3.50	8.40	0.417	1.27	3.60	0.353	1.37	1.70	0.804	0.47	1.88	2.36	1.22	0.76	0.28	2.22	0.95	9.65	1	23	C.J. Miles
660	283	22.4	3.52	7.13	0.494	0.02	0.08	0.204	1.91	2.31	0.828	1.56	3.17	4.73	0.80	0.38	0.64	1.88	1.00	8.97	1	4	Brandon Bass
127	8	13.3	1.28	3.28	0.389	0.28	0.96	0.295	0.56	0.72	0.780	0.25	0.99	1.24	1.37	0.54	0.08	1.17	0.84	3.39	2	12	Daniel Ewing
478	282	24.0	4.07	9.11	0.447	0.98	2.64	0.372	1.59	2.05	0.773	1.87	4.09	5.96	1.12	0.70	0.39	2.55	0.99	10.71	8	34	Ersan Ilyasova
700	621	35.7	7.35	16.23	0.453	0.89	2.84	0.313	3.51	4.54	0.772	0.67	2.86	3.53	4.78	1.74	0.33	2.40	2.81	19.10	1	12	Monta Ellis
473	105	17.0	1.81	3.40	0.533	0.00	0.01	0.000	1.05	1.65	0.636	1.10	2.62	3.71	1.31	0.38	1.25	2.36	0.76	4.67	1	45	Ronny Turiaf
179	21	14.9	1.66	4.29	0.388	0.92	2.60	0.353	0.53	0.62	0.847	0.22	1.14	1.36	2.41	0.42	0.05	1.12	0.55	4.77	5	1	Travis Diener
131	7	11.9	0.97	2.50	0.387	0.08	0.40	0.212	0.47	0.73	0.642	0.37	1.11	1.49	1.18	0.75	0.11	1.74	1.10	2.49	4	12	Orien Greene
200	14	12.4	1.95	4.64	0.420	0.51	1.57	0.325	0.86	1.15	0.751	0.19	0.98	1.17	0.73	0.36	0.10	0.78	0.64	5.27	7	23	Von Wafer
157	1	17.0	2.84	6.99	0.407	1.06	2.90	0.366	1.28	1.45	0.882	0.14	1.22	1.36	1.04	0.35	0.06	1.53	1.01	8.03	4	12	Salim Stoudamire
487	371	27.6	3.88	8.72	0.445	0.69	1.96	0.349	1.66	2.08	0.799	1.27	3.33	4.60	1.46	0.72	0.16	1.93	1.13	10.11	8	34	Ryan Gomes
145	27	16.2	1.81	3.86	0.470	0.30	0.94	0.316	0.70	0.86	0.815	0.74	1.54	2.28	0.79	0.34	0.24	1.28	0.63	4.62	3	34	Mickael Gelabale
26	0	12.5	1.73	4.27	0.405	0.46	1.42	0.324	1.04	1.31	0.794	0.38	1.12	1.50	0.77	0.38	0.04	0.54	0.54	4.96	2	12	Bracey Wright
564	191	22.1	4.13	8.83	0.467	0.09	0.39	0.237	1.77	2.45	0.725	1.85	3.51	5.36	1.41	0.87	0.81	2.45	1.62	10.12	9	4	Andray Blatche
656	58	23.1	3.92	9.44	0.416	1.08	3.16	0.340	3.08	3.78	0.816	0.36	1.66	2.01	2.93	0.88	0.16	1.39	1.39	12.01	1	12	Lou Williams
6	0	1.6	0.00	0.17	0.000	0.00	0.00	0.000	0.00	0.00	0.000	0.17	0.50	0.67	0.00	0.33	0.00	0.17	0.00	0.00	2	5	Martynas Andriuskevicius
5	0	1.2	0.00	0.60	0.000	0.00	0.00	0.000	0.00	0.00	0.000	0.00	0.20	0.20	0.00	0.00	0.00	0.20	0.60	0.00	1	5	Mile Ilic
20	0	3.6	0.70	1.30	0.538	0.05	0.10	0.500	0.45	0.65	0.692	0.35	0.35	0.70	0.05	0.05	0.10	0.55	0.45	1.90	1	4	Uros Slokar
539	325	25.3	4.24	7.73	0.549	0.01	0.03	0.176	1.48	2.17	0.681	2.04	5.58	7.62	0.93	0.48	1.23	2.13	1.13	9.96	8	45	Marcin Gortat
87	18	13.2	1.31	2.90	0.452	0.00	0.05	0.000	1.22	1.77	0.688	1.46	2.10	3.56	0.40	0.51	0.17	1.87	0.47	3.84	2	4	Lawrence Roberts
610	331	22.6	3.20	5.60	0.572	0.09	0.27	0.329	1.12	1.64	0.682	2.13	3.58	5.71	1.08	0.62	1.10	3.16	1.14	7.62	1	4	Amir Johnson
85	0	11.6	1.61	4.16	0.387	0.16	0.87	0.189	0.62	0.84	0.746	0.32	0.60	0.92	1.94	0.36	0.02	0.98	0.78	4.01	2	12	Roko Ukic
17	0	8.5	1.35	2.24	0.605	0.00	0.00	0.000	0.06	0.35	0.167	1.12	1.00	2.12	0.12	0.12	0.41	1.47	0.12	2.76	1	34	Chris Taft
23	0	9.2	1.00	2.48	0.404	0.00	0.00	0.000	0.13	0.26	0.500	0.70	1.17	1.87	0.74	0.30	0.35	1.78	0.61	2.13	1	5	Robert Whaley
16	0	5.8	1.06	2.50	0.425	0.25	0.81	0.308	0.44	0.50	0.875	0.44	0.75	1.19	0.19	0.19	0.06	0.50	0.19	2.81	2	3	Dijon Thompson
30	0	7.8	1.13	3.07	0.370	0.27	0.83	0.320	0.17	0.33	0.500	0.30	0.67	0.97	0.53	0.20	0.13	0.43	0.37	2.70	2	2	Alex Acker
281	12	11.0	1.07	2.30	0.467	0.00	0.03	0.111	0.84	1.17	0.717	0.91	1.41	2.33	0.35	0.21	0.55	1.97	0.57	2.99	8	5	Solomon Jones
1085	1014	36.2	6.56	14.87	0.441	1.60	4.34	0.369	2.40	3.00	0.800	0.91	3.19	4.10	4.19	0.90	0.21	1.83	2.04	17.13	1	2	Joe Johnson
618	107	22.5	3.98	9.40	0.423	1.31	3.65	0.360	1.75	2.20	0.796	0.62	1.72	2.34	2.95	0.88	0.07	2.40	1.42	11.01	1	12	Nate Robinson
1045	430	31.1	5.38	13.15	0.410	1.77	5.07	0.349	3.02	3.51	0.860	0.39	2.04	2.43	3.62	0.96	0.22	1.58	1.98	15.56	1	2	Jamal Crawford
527	410	24.9	4.89	8.98	0.545	0.00	0.00	1.000	3.15	4.91	0.642	1.80	3.37	5.17	0.54	0.29	0.73	2.97	2.23	12.94	1	5	Eddy Curry
717	493	31.0	5.89	11.07	0.532	0.00	0.04	0.036	2.70	3.49	0.775	2.69	6.61	9.30	2.31	0.81	0.37	2.75	1.86	14.49	1	45	David Lee
936	786	32.0	6.76	14.31	0.472	0.13	0.50	0.261	3.37	4.42	0.763	3.08	6.39	9.47	1.81	0.77	0.29	2.42	2.14	17.02	1	4	Zach Randolph
74	2	5.9	0.70	1.65	0.426	0.00	0.00	0.000	0.49	0.89	0.545	0.36	1.04	1.41	0.09	0.18	0.09	1.35	0.41	1.89	4	5	Randolph Morris
783	487	26.5	3.73	9.40	0.397	1.49	4.20	0.355	1.30	1.81	0.718	1.19	3.49	4.68	1.45	0.78	0.19	1.95	1.11	10.26	1	23	Quentin Richardson
813	85	16.5	2.20	5.05	0.437	0.02	0.10	0.177	1.73	2.33	0.743	1.43	2.71	4.15	0.84	0.60	0.36	2.33	1.30	6.15	1	34	Malik Rose
430	78	24.0	2.53	6.17	0.411	0.80	2.28	0.353	1.58	1.96	0.809	0.37	1.86	2.23	2.30	0.78	0.27	1.93	1.19	7.46	7	12	Fred Jones
629	335	21.6	1.85	4.34	0.426	0.12	0.46	0.250	0.96	1.65	0.583	1.85	2.22	4.07	1.27	0.69	0.51	2.43	1.07	4.77	1	4	Jared Jeffries
357	179	13.4	1.82	3.75	0.485	0.00	0.01	0.000	0.67	1.08	0.620	1.10	1.98	3.08	0.33	0.26	1.08	2.77	1.13	4.31	1	5	Jerome James
671	451	28.9	3.65	9.52	0.383	1.48	4.20	0.354	1.35	1.85	0.729	0.37	2.45	2.82	4.77	1.21	0.16	2.10	1.78	10.13	1	12	Rafer Alston
215	47	11.3	0.97	2.31	0.419	0.00	0.03	0.143	0.64	1.00	0.642	1.23	1.95	3.18	0.34	0.26	0.60	1.29	0.64	2.58	6	5	Loren Woods
755	143	22.2	3.65	8.74	0.417	0.91	2.58	0.354	1.52	1.91	0.793	0.83	2.28	3.11	2.58	0.93	0.09	1.82	1.34	9.73	1	12	Bobby Jackson
977	705	30.7	3.05	6.98	0.437	1.28	3.33	0.384	1.22	1.64	0.743	1.30	2.88	4.18	1.76	1.01	0.93	2.26	0.90	8.61	1	34	Shane Battier
348	82	22.4	2.95	6.97	0.423	1.30	3.34	0.388	0.98	1.27	0.773	0.32	2.11	2.43	2.15	0.73	0.12	1.47	1.26	8.17	6	12	Luther Head
486	476	32.6	6.95	13.26	0.524	0.00	0.02	0.200	5.11	6.14	0.833	2.54	6.71	9.25	1.58	0.39	1.89	3.28	2.70	19.03	9	5	Yao Ming
576	543	37.6	6.15	14.35	0.429	1.00	2.92	0.341	4.84	6.07	0.797	1.67	3.91	5.58	6.03	1.47	0.39	3.14	3.52	18.14	1	12	Steve Francis
54	0	9.2	1.30	2.80	0.464	0.00	0.09	0.000	0.80	1.02	0.782	0.94	1.20	2.15	0.22	0.50	0.22	1.26	0.56	3.39	4	34	Mike Harris
655	452	26.7	5.24	10.55	0.497	0.04	0.14	0.255	2.12	2.85	0.743	1.89	5.11	7.00	1.70	0.65	0.30	2.84	1.60	12.63	8	4	Luis Scola
644	244	18.3	1.63	3.27	0.498	0.00	0.02	0.000	0.49	0.79	0.620	1.74	3.30	5.04	1.21	0.74	0.37	2.31	0.72	3.74	1	4	Chuck Hayes
938	704	32.7	7.15	16.43	0.435	1.15	3.41	0.338	4.14	5.55	0.746	1.39	4.24	5.62	4.44	1.21	0.86	1.77	2.16	19.60	1	23	Tracy McGrady
1196	996	30.8	3.49	6.73	0.518	0.00	0.00	0.000	2.84	4.15	0.684	3.18	7.15	10.33	1.04	0.41	2.75	2.83	1.82	9.81	1	5	Dikembe Mutombo
75	1	8.0	1.09	2.12	0.516	0.00	0.01	0.000	0.44	0.88	0.500	0.93	1.44	2.37	0.15	0.19	0.11	0.97	0.64	2.63	4	45	Andre Brown
983	568	27.9	4.07	8.84	0.460	1.60	3.93	0.408	1.37	1.79	0.769	0.64	3.75	4.38	2.67	0.57	0.23	2.03	1.56	11.11	1	23	Mike Miller
607	280	22.1	2.50	5.09	0.492	0.00	0.01	0.111	1.64	2.88	0.570	1.79	3.70	5.49	0.91	0.53	0.62	2.28	1.27	6.65	1	5	Kwame Brown
735	476	20.4	1.25	3.04	0.411	0.01	0.05	0.206	1.06	1.64	0.647	1.24	2.44	3.68	0.85	0.50	0.49	2.80	0.82	3.57	1	5	Jason Collins
456	37	14.2	1.46	3.57	0.408	0.53	1.43	0.372	1.18	1.37	0.861	0.63	1.68	2.30	1.02	0.65	0.15	1.95	0.72	4.62	1	4	Brian Cardinal
468	208	18.5	2.56	5.56	0.460	0.00	0.01	0.000	0.90	1.57	0.574	1.34	2.87	4.21	0.87	0.44	1.31	2.28	1.22	6.01	1	45	Darko Milicic
287	14	18.5	1.66	4.22	0.393	0.73	2.07	0.352	1.14	1.48	0.769	0.41	1.39	1.80	1.06	0.42	0.08	1.30	0.73	5.18	4	2	Casey Jacobsen
526	109	20.2	3.38	6.90	0.490	0.04	0.21	0.191	2.61	3.60	0.726	1.32	2.71	4.02	0.76	0.41	0.29	1.84	1.19	9.40	8	34	Hakim Warrick
793	287	24.2	2.86	6.53	0.438	0.49	1.40	0.350	1.20	1.54	0.779	0.61	2.65	3.26	2.68	1.15	0.21	2.00	1.34	7.40	1	12	Aaron McKie
82	30	25.8	3.76	9.34	0.402	1.90	5.27	0.361	1.51	1.78	0.849	0.41	2.15	2.56	2.16	0.59	0.01	1.15	1.63	10.93	1	2	Juan Carlos Navarro
1043	937	31.6	4.54	10.94	0.415	1.75	4.53	0.387	4.31	4.82	0.894	0.46	2.41	2.87	5.40	1.01	0.16	2.08	2.05	15.15	1	12	Chauncey Billups
618	188	18.4	2.26	4.57	0.495	0.00	0.01	0.000	1.11	1.96	0.564	1.70	2.47	4.17	0.43	0.37	0.79	1.94	0.79	5.63	1	4	Jason Maxiell
427	115	23.2	3.27	7.88	0.415	0.92	2.58	0.356	0.86	1.08	0.798	0.57	2.54	3.11	1.07	0.73	0.13	2.00	0.88	8.32	7	3	Jarvis Hayes
1015	643	27.6	4.97	10.01	0.497	0.01	0.06	0.117	2.10	3.13	0.670	2.44	5.08	7.53	1.28	0.77	1.09	3.03	1.60	12.05	1	34	Antonio McDyess
436	77	19.5	3.21	7.78	0.413	0.76	2.23	0.341	1.25	1.51	0.833	0.36	1.52	1.87	1.78	0.78	0.08	1.68	1.27	8.44	7	12	Juan Dixon
962	871	31.8	4.68	10.31	0.454	0.59	1.59	0.369	1.59	2.10	0.756	1.15	3.25	4.40	2.45	0.56	0.51	1.25	1.09	11.54	1	34	Tayshaun Prince
1109	956	32.7	5.70	12.20	0.467	0.98	2.91	0.336	2.06	2.85	0.721	1.42	5.25	6.68	1.80	0.98	1.32	2.94	1.53	14.43	1	45	Rasheed Wallace
152	12	12.8	2.05	4.48	0.458	0.75	1.97	0.381	0.53	0.68	0.786	0.51	1.59	2.10	0.43	0.20	0.08	0.94	0.40	5.39	3	34	Walter Herrmann
