GP	GS	MIN	FGM	FGA	FG%	3PM	3PA	3P%	FTM	FTA	FT%	OFF	DEF	TRB	AST	STL	BLK	PF	TOV	PTS	YR	POS	W	H
514	120	21.1	3.14	7.03	0.447	0.02	0.11	0.182	1.7	2.43	0.7	1.42	2.93	4.35	0.89	0.69	0.34	2.41	1.03	8.0	8	4	131	206
52	2	8.3	1.31	3.08	0.425	0.0	0.0	0.0	0.5	0.87	0.578	0.6	1.25	1.85	0.27	0.17	0.35	1.12	0.42	3.12	2	4	104	208
387	164	19.6	2.17	4.56	0.475	0.45	1.34	0.337	0.75	1.06	0.706	1.13	2.91	4.05	2.08	0.53	0.48	1.94	0.89	5.53	8	4	109	208
135	7	8.2	0.93	1.87	0.496	0.0	0.01	0.0	0.41	0.99	0.41	0.72	1.27	1.99	0.3	0.14	0.39	1.66	0.49	2.26	5	5	127	216
319	86	12.1	1.38	2.71	0.509	0.0	0.01	0.0	0.58	1.04	0.562	1.35	2.38	3.73	0.65	0.29	0.27	2.13	0.83	3.34	7	5	122	213
18	0	3.3	0.5	1.78	0.281	0.17	0.83	0.2	0.06	0.11	0.5	0.0	0.39	0.39	0.11	0.0	0.22	0.28	0.22	1.22	2	4	98	203
17	0	4.3	0.41	1.47	0.28	0.12	0.65	0.182	0.65	0.71	0.917	0.0	0.59	0.59	0.65	0.12	0.0	0.29	0.53	1.59	1	1	80	183
549	542	33.7	5.35	10.57	0.506	0.02	0.12	0.182	3.5	4.58	0.763	2.02	5.85	7.86	3.05	0.91	1.53	3.07	1.98	14.21	7	5	116	216
2	0	18.4	1.5	5.5	0.273	0.0	3.0	0.0	2.0	2.0	1.0	3.0	2.5	5.5	0.5	1.0	0.0	1.0	0.0	5.0	2	3	100	201
613	584	32.5	4.95	11.26	0.44	1.15	3.08	0.373	2.42	3.0	0.806	0.42	2.42	2.85	5.59	1.53	0.18	2.01	2.04	13.48	8	1	79	185
593	593	37.9	9.16	19.0	0.482	1.71	4.49	0.38	7.24	8.22	0.881	0.8	6.14	6.94	3.55	1.23	0.99	1.87	3.22	27.28	8	3	109	206
188	8	12.7	1.4	3.39	0.413	0.14	0.61	0.235	0.91	1.18	0.778	0.18	0.86	1.04	1.64	0.44	0.02	1.03	0.77	3.86	4	2	92	191
137	29	14.4	1.67	3.27	0.511	0.0	0.01	0.0	0.9	1.44	0.624	1.34	2.11	3.45	0.34	0.34	1.18	2.36	0.88	4.24	4	5	107	208
445	343	31.1	5.32	12.04	0.442	1.3	3.84	0.339	1.76	2.26	0.777	1.13	4.17	5.29	1.76	0.76	0.7	2.87	1.45	13.7	8	3	102	203
438	96	17.5	2.63	5.65	0.465	0.07	0.24	0.302	1.01	1.28	0.786	1.19	2.37	3.55	0.77	0.35	0.66	2.25	0.87	6.33	8	4	109	213
600	455	28.2	4.18	9.2	0.454	1.16	3.04	0.382	2.0	2.44	0.819	0.51	2.5	3.02	1.96	0.49	0.2	2.05	1.22	11.52	8	2	98	196
723	538	27.1	4.73	9.68	0.488	0.0	0.03	0.0	1.85	2.5	0.742	2.05	5.65	7.7	1.27	0.45	1.29	2.71	2.13	11.31	1	5	120	213
596	582	30.1	4.69	8.81	0.532	0.0	0.04	0.087	1.36	2.43	0.559	2.65	6.45	9.1	2.28	0.67	1.63	3.16	1.8	10.74	1	5	118	213
733	546	28.8	3.74	8.43	0.443	0.67	1.98	0.341	2.23	2.77	0.802	1.26	3.87	5.13	1.29	0.77	0.48	2.13	1.06	10.37	1	3	108	206
742	690	35.0	5.96	13.35	0.446	1.4	3.9	0.358	3.62	4.41	0.821	0.44	2.75	3.19	8.4	1.08	0.26	2.56	2.93	16.94	1	1	91	191
725	725	36.1	6.58	13.9	0.473	1.08	2.97	0.365	4.41	5.12	0.862	0.69	3.66	4.35	9.91	2.34	0.1	2.48	2.41	18.65	1	1	79	183
726	633	33.1	4.73	11.49	0.412	1.03	3.1	0.331	2.09	2.66	0.785	0.64	2.54	3.18	6.16	1.35	0.21	2.12	2.43	12.58	1	1	93	185
580	266	24.0	2.92	7.0	0.418	1.36	3.56	0.382	1.51	1.91	0.791	0.61	2.52	3.12	1.01	0.52	0.28	1.82	0.92	8.72	1	3	104	201
530	377	29.4	5.45	12.42	0.439	1.18	3.33	0.354	2.59	3.14	0.824	0.99	3.75	4.74	1.21	0.39	0.88	2.49	1.6	14.66	9	4	111	213
161	28	20.4	2.9	7.78	0.373	0.77	2.33	0.331	0.88	1.24	0.71	0.51	1.61	2.12	1.38	0.25	0.07	1.7	1.07	7.45	4	3	90	203
361	104	15.5	1.63	3.53	0.462	0.01	0.02	0.222	1.21	1.63	0.74	1.47	2.86	4.33	0.45	0.5	0.45	2.03	0.84	4.48	6	4	113	206
680	642	35.8	7.02	15.56	0.451	1.03	3.02	0.342	3.43	4.31	0.795	1.51	4.35	5.87	2.29	1.32	0.81	2.49	2.43	18.51	9	3	104	203
90	3	5.8	0.88	1.78	0.494	0.0	0.03	0.0	0.31	0.53	0.583	0.36	1.06	1.41	0.28	0.2	0.44	1.4	0.47	2.07	4	5	113	213
47	3	5.5	0.74	1.74	0.427	0.0	0.0	0.0	0.7	1.19	0.589	0.6	1.0	1.6	0.02	0.09	0.47	0.94	0.32	2.19	3	5	104	213
111	5	9.4	1.44	3.73	0.386	0.41	1.4	0.29	0.66	0.83	0.793	0.79	1.6	2.4	0.18	0.19	0.2	1.07	0.53	3.95	3	5	105	213
607	371	29.8	4.18	10.03	0.417	1.35	3.84	0.351	3.19	3.99	0.799	0.85	3.12	3.97	5.6	1.32	0.26	2.72	2.1	12.89	9	1	89	185
292	40	11.6	1.19	2.37	0.501	0.01	0.02	0.286	0.63	1.08	0.582	1.0	1.62	2.62	0.35	0.31	0.49	1.86	0.79	3.01	6	5	107	211
490	30	19.4	2.89	6.82	0.423	1.15	3.07	0.374	0.77	1.04	0.734	0.32	1.58	1.9	2.87	0.76	0.11	1.41	1.38	7.69	8	1	82	188
601	548	32.7	4.57	9.74	0.469	0.25	0.91	0.273	1.53	2.52	0.606	1.12	3.67	4.79	8.47	1.82	0.13	2.26	2.88	10.91	9	1	84	185
225	18	12.4	2.17	4.26	0.509	0.0	0.01	0.5	1.65	2.1	0.786	1.22	1.84	3.06	0.31	0.16	0.29	1.89	0.89	5.99	7	4	113	208
67	18	8.7	1.06	2.42	0.438	0.25	0.75	0.34	0.34	0.51	0.676	0.12	0.9	1.01	0.52	0.25	0.09	0.79	0.37	2.72	3	3	98	201
68	0	11.6	0.96	2.6	0.367	0.25	0.78	0.321	0.54	0.63	0.86	0.62	1.19	1.81	0.96	0.37	0.13	1.13	0.59	2.71	2	3	104	198
287	219	26.9	2.85	6.44	0.442	0.71	2.01	0.352	1.25	1.68	0.745	1.63	3.86	5.49	1.44	1.09	0.24	2.13	1.07	7.66	4	3	111	198
403	49	16.9	3.03	5.48	0.553	0.0	0.07	0.037	1.58	2.39	0.661	1.35	2.54	3.89	0.8	0.45	0.23	2.37	1.02	7.64	6	4	113	201
7	0	5.4	0.43	1.43	0.3	0.0	0.0	0.0	0.57	0.86	0.667	0.86	1.0	1.86	0.14	0.0	0.29	0.86	0.14	1.43	1	5	109	218
30	0	5.7	0.63	1.73	0.365	0.2	0.53	0.375	0.23	0.37	0.636	0.37	0.67	1.03	0.2	0.1	0.03	0.73	0.5	1.7	1	4	118	208
486	67	11.8	1.32	2.27	0.581	0.0	0.0	0.0	1.06	1.62	0.651	0.86	1.31	2.17	0.29	0.18	0.52	2.01	0.75	3.7	9	5	104	213
22	0	5.2	0.41	1.64	0.25	0.0	0.14	0.0	0.18	0.41	0.444	0.59	0.82	1.41	0.05	0.18	0.55	0.68	0.18	1.0	2	5	111	216
665	283	22.4	3.51	7.11	0.494	0.02	0.08	0.204	1.91	2.3	0.828	1.55	3.17	4.72	0.8	0.38	0.65	1.87	1.0	8.94	1	4	113	203
179	21	14.9	1.66	4.29	0.388	0.92	2.6	0.353	0.53	0.62	0.847	0.22	1.14	1.36	2.41	0.42	0.05	1.12	0.55	4.77	5	1	79	185
564	191	22.1	4.13	8.83	0.467	0.09	0.39	0.237	1.77	2.45	0.725	1.85	3.51	5.36	1.41	0.87	0.81	2.45	1.62	10.12	9	4	118	211
6	0	1.6	0.0	0.17	0.0	0.0	0.0	0.0	0.0	0.0	0.0	0.17	0.5	0.67	0.0	0.33	0.0	0.17	0.0	0.0	2	5	109	218
5	0	1.2	0.0	0.6	0.0	0.0	0.0	0.0	0.0	0.0	0.0	0.0	0.2	0.2	0.0	0.0	0.0	0.2	0.6	0.0	1	5	116	216
20	0	3.6	0.7	1.3	0.538	0.05	0.1	0.5	0.45	0.65	0.692	0.35	0.35	0.7	0.05	0.05	0.1	0.55	0.45	1.9	1	4	108	211
87	18	13.2	1.31	2.9	0.452	0.0	0.05	0.0	1.22	1.77	0.688	1.46	2.1	3.56	0.4	0.51	0.17	1.87	0.47	3.84	2	4	109	203
614	335	22.6	3.21	5.61	0.572	0.09	0.27	0.329	1.11	1.63	0.682	2.13	3.58	5.71	1.07	0.62	1.09	3.16	1.14	7.62	1	4	113	206
23	0	9.2	1.0	2.48	0.404	0.0	0.0	0.0	0.13	0.26	0.5	0.7	1.17	1.87	0.74	0.3	0.35	1.78	0.61	2.13	1	5	118	208
16	0	5.8	1.06	2.5	0.425	0.25	0.81	0.308	0.44	0.5	0.875	0.44	0.75	1.19	0.19	0.19	0.06	0.5	0.19	2.81	2	3	88	201
30	0	7.8	1.13	3.07	0.37	0.27	0.83	0.32	0.17	0.33	0.5	0.3	0.67	0.97	0.53	0.2	0.13	0.43	0.37	2.7	2	2	84	196
281	12	11.0	1.07	2.3	0.467	0.0	0.03	0.111	0.84	1.17	0.717	0.91	1.41	2.33	0.35	0.21	0.55	1.97	0.57	2.99	8	5	104	208
1092	1021	36.2	6.54	14.85	0.441	1.6	4.34	0.369	2.39	2.99	0.8	0.91	3.19	4.1	4.19	0.9	0.21	1.84	2.04	17.08	1	2	109	201
1052	430	31.0	5.36	13.11	0.409	1.76	5.05	0.349	3.01	3.5	0.86	0.39	2.03	2.42	3.61	0.96	0.22	1.58	1.98	15.5	1	2	91	196
527	410	24.9	4.89	8.98	0.545	0.0	0.0	1.0	3.15	4.91	0.642	1.8	3.37	5.17	0.54	0.29	0.73	2.97	2.23	12.94	1	5	134	213
943	786	31.9	6.75	14.28	0.472	0.13	0.49	0.26	3.36	4.4	0.763	3.08	6.37	9.45	1.8	0.77	0.29	2.42	2.13	16.98	1	4	118	206
74	2	5.9	0.7	1.65	0.426	0.0	0.0	0.0	0.49	0.89	0.545	0.36	1.04	1.41	0.09	0.18	0.09	1.35	0.41	1.89	4	5	125	211
629	335	21.6	1.85	4.34	0.426	0.12	0.46	0.25	0.96	1.65	0.583	1.85	2.22	4.07	1.27	0.69	0.51	2.43	1.07	4.77	1	4	109	211
357	179	13.4	1.82	3.75	0.485	0.0	0.01	0.0	0.67	1.08	0.62	1.1	1.98	3.08	0.33	0.26	1.08	2.77	1.13	4.31	1	5	136	213
215	47	11.3	0.97	2.31	0.419	0.0	0.03	0.143	0.64	1.0	0.642	1.23	1.95	3.18	0.34	0.26	0.6	1.29	0.64	2.58	6	5	111	216
486	476	32.6	6.95	13.26	0.524	0.0	0.02	0.2	5.11	6.14	0.833	2.54	6.71	9.25	1.58	0.39	1.89	3.28	2.7	19.03	9	5	141	229
662	459	26.7	5.23	10.54	0.496	0.05	0.16	0.287	2.11	2.84	0.743	1.88	5.11	6.99	1.69	0.66	0.31	2.84	1.59	12.62	8	4	109	206
644	244	18.3	1.63	3.27	0.498	0.0	0.02	0.0	0.49	0.79	0.62	1.74	3.3	5.04	1.21	0.74	0.37	2.31	0.72	3.74	1	4	109	198
1196	996	30.8	3.49	6.73	0.518	0.0	0.0	0.0	2.84	4.15	0.684	3.18	7.15	10.33	1.04	0.41	2.75	2.83	1.82	9.81	1	5	118	218
607	280	22.1	2.5	5.09	0.492	0.0	0.01	0.111	1.64	2.88	0.57	1.79	3.7	5.49	0.91	0.53	0.62	2.28	1.27	6.65	1	5	132	211
735	476	20.4	1.25	3.04	0.411	0.01	0.05	0.206	1.06	1.64	0.647	1.24	2.44	3.68	0.85	0.5	0.49	2.8	0.82	3.57	1	5	116	213
456	37	14.2	1.46	3.57	0.408	0.53	1.43	0.372	1.18	1.37	0.861	0.63	1.68	2.3	1.02	0.65	0.15	1.95	0.72	4.62	1	4	111	203
287	14	18.5	1.66	4.22	0.393	0.73	2.07	0.352	1.14	1.48	0.769	0.41	1.39	1.8	1.06	0.42	0.08	1.3	0.73	5.18	4	2	97	198
82	30	25.8	3.76	9.34	0.402	1.9	5.27	0.361	1.51	1.78	0.849	0.41	2.15	2.56	2.16	0.59	0.01	1.15	1.63	10.93	1	2	77	191
618	188	18.4	2.26	4.57	0.495	0.0	0.01	0.0	1.11	1.96	0.564	1.7	2.47	4.17	0.43	0.37	0.79	1.94	0.79	5.63	1	4	118	201
427	115	23.2	3.27	7.88	0.415	0.92	2.58	0.356	0.86	1.08	0.798	0.57	2.54	3.11	1.07	0.73	0.13	2.0	0.88	8.32	7	3	100	198
921	783	32.1	6.48	14.43	0.449	0.58	1.66	0.346	3.52	4.13	0.852	0.86	2.23	3.1	3.39	0.78	0.14	2.53	2.15	17.06	1	2	88	201
810	533	25.3	2.72	5.5	0.496	0.0	0.0	0.0	1.72	2.43	0.71	1.9	3.77	5.67	0.57	0.49	2.43	2.82	1.24	7.17	1	5	107	208
744	269	27.4	5.28	12.22	0.432	1.57	3.93	0.401	2.76	3.22	0.857	0.45	2.04	2.49	2.51	0.68	0.15	2.31	2.08	14.9	1	2	91	191
824	542	22.3	2.72	6.69	0.406	0.67	1.96	0.34	1.1	1.57	0.698	0.5	1.73	2.22	1.64	0.51	0.16	1.38	0.99	7.2	1	2	99	196
816	549	22.9	2.59	4.9	0.528	0.0	0.0	0.0	1.62	2.75	0.587	2.55	3.42	5.97	0.54	0.39	1.36	2.5	1.04	6.79	1	5	119	213
873	732	32.4	5.25	12.1	0.434	0.85	2.44	0.349	2.84	3.36	0.847	1.26	3.75	5.01	2.29	1.33	0.25	2.42	1.82	14.19	1	3	103	201
409	75	17.3	2.18	4.24	0.513	0.0	0.0	0.0	1.37	2.27	0.603	1.66	3.06	4.71	0.36	0.31	1.04	2.17	0.94	5.72	1	5	116	206
495	79	18.6	2.93	5.87	0.499	0.01	0.04	0.158	1.04	1.23	0.844	1.12	2.29	3.41	1.19	0.65	0.21	2.42	0.98	6.9	8	4	112	203
518	103	17.7	2.31	5.66	0.408	1.15	2.99	0.383	0.58	0.68	0.866	0.15	1.58	1.73	1.31	0.36	0.14	1.37	0.71	6.35	1	2	93	196
450	93	14.3	1.5	3.07	0.487	0.0	0.01	0.333	1.04	1.45	0.714	1.25	2.17	3.42	0.53	0.33	0.37	2.59	0.76	4.03	9	5	111	211
548	131	23.6	4.32	10.25	0.422	1.3	3.47	0.375	2.18	2.61	0.834	0.38	1.64	2.02	1.04	0.56	0.2	1.92	1.13	12.13	8	2	95	201
189	33	14.2	1.98	3.74	0.53	0.0	0.0	0.0	1.06	2.03	0.525	0.97	1.93	2.9	0.25	0.34	0.98	2.85	1.14	5.02	4	5	115	213
487	92	22.7	3.71	8.95	0.414	0.67	2.22	0.304	1.8	2.48	0.725	0.39	1.67	2.07	2.25	0.83	0.21	1.63	1.52	9.89	8	2	91	191
547	404	26.4	3.22	8.19	0.393	0.73	2.42	0.299	1.35	1.88	0.716	0.63	2.3	2.93	6.09	1.42	0.28	2.39	2.51	8.5	1	1	85	191
548	146	21.4	3.23	7.18	0.451	0.19	0.8	0.235	1.23	1.7	0.721	0.95	1.88	2.83	1.76	0.93	0.25	1.61	1.18	7.88	1	3	91	198
764	345	20.6	1.93	3.88	0.497	0.01	0.07	0.13	1.04	1.7	0.615	2.75	4.12	6.87	0.92	0.66	0.4	2.51	0.8	4.9	1	5	107	211
465	127	19.4	2.52	6.29	0.401	0.65	1.91	0.338	1.51	1.95	0.776	0.72	2.05	2.77	1.46	0.57	0.12	1.61	1.09	7.21	8	3	100	196
3	0	3.4	0.33	1.33	0.25	0.0	0.0	0.0	0.33	0.67	0.5	0.0	0.33	0.33	0.0	0.0	0.0	0.33	0.0	1.0	1	5	113	211
582	208	25.2	3.03	5.92	0.513	0.0	0.07	0.024	1.58	2.51	0.631	2.53	5.04	7.57	1.2	0.9	0.68	2.69	0.98	7.65	1	5	121	211
82	0	7.8	0.4	0.79	0.508	0.0	0.01	0.0	0.5	1.01	0.494	1.05	1.28	2.33	0.15	0.13	0.35	1.37	0.32	1.3	6	5	112	211
395	49	15.7	1.71	3.27	0.524	0.0	0.02	0.0	1.17	1.97	0.594	1.38	2.64	4.02	0.37	0.48	0.69	2.49	0.85	4.59	8	5	113	211
891	349	26.5	4.61	10.24	0.45	1.46	3.98	0.368	3.53	4.26	0.827	0.7	3.03	3.74	4.0	1.38	0.31	2.14	2.09	14.21	1	2	93	198
1107	481	24.5	2.55	6.0	0.425	0.72	2.1	0.341	1.16	1.59	0.726	1.49	3.27	4.76	2.12	1.05	0.93	2.42	1.24	6.97	1	4	100	206
1229	951	33.0	6.97	15.88	0.439	1.54	4.12	0.373	3.75	4.69	0.799	1.24	3.48	4.72	3.52	1.08	0.62	2.79	1.95	19.23	1	3	100	198
1035	794	30.7	4.75	10.22	0.464	0.91	2.4	0.379	3.32	4.32	0.769	0.85	3.42	4.26	2.21	0.72	0.32	2.32	1.63	13.73	1	3	104	201
419	373	25.2	4.11	8.34	0.494	0.0	0.03	0.143	1.81	2.48	0.73	1.84	3.55	5.4	0.83	0.39	0.68	2.99	1.19	10.05	7	5	116	208
840	337	23.7	3.17	7.75	0.409	1.1	3.29	0.334	1.74	2.0	0.871	0.78	1.92	2.7	4.04	1.35	0.12	1.66	1.85	9.18	1	1	77	183
601	93	14.0	0.84	1.96	0.427	0.0	0.01	0.167	0.3	0.63	0.467	1.39	2.3	3.69	0.45	0.38	1.05	2.03	0.59	1.97	1	5	127	213
830	494	26.1	3.53	8.2	0.431	0.7	2.02	0.349	1.55	1.8	0.862	0.44	1.82	2.26	4.47	0.98	0.19	2.14	1.62	9.33	1	1	79	188
473	139	15.4	2.06	4.47	0.462	0.0	0.03	0.154	0.52	0.77	0.678	1.13	2.75	3.88	0.48	0.41	0.49	2.45	0.79	4.66	8	5	112	213
878	228	22.2	2.41	5.85	0.411	0.57	1.77	0.324	0.99	1.4	0.703	0.53	1.73	2.26	4.41	0.99	0.2	2.0	1.76	6.37	1	1	90	185
97	34	15.4	1.77	3.51	0.506	0.0	0.0	0.0	0.74	1.22	0.61	1.26	2.62	3.88	0.21	0.27	0.89	2.31	0.73	4.29	5	5	111	213
1208	900	30.3	5.42	11.55	0.469	0.0	0.04	0.12	2.54	3.32	0.764	1.94	4.21	6.15	2.2	0.68	0.26	2.89	2.04	13.38	1	4	109	206
987	771	24.3	2.82	5.67	0.498	0.0	0.02	0.125	1.76	2.82	0.626	2.76	4.34	7.1	0.83	0.33	1.42	2.91	1.45	7.41	1	5	120	211
1391	1350	36.0	4.47	11.18	0.4	1.43	4.1	0.349	2.23	2.84	0.785	1.27	5.0	6.27	8.69	1.93	0.32	1.85	2.87	12.6	1	1	95	193
970	564	31.2	5.55	13.59	0.409	1.02	3.3	0.309	4.79	5.83	0.822	0.95	2.21	3.16	3.34	0.9	0.45	1.87	2.72	16.92	1	3	99	198
680	313	21.5	2.59	5.4	0.48	0.0	0.01	0.0	2.05	3.2	0.639	2.08	4.4	6.48	0.57	0.33	0.89	2.63	1.47	7.23	1	5	117	211
1294	1263	35.4	7.79	16.38	0.476	1.25	3.27	0.383	5.29	6.02	0.879	1.07	6.85	7.92	2.58	0.84	0.89	2.44	1.79	22.12	1	4	111	213
45	1	5.4	0.73	2.2	0.333	0.33	0.87	0.385	0.11	0.18	0.625	0.07	0.49	0.56	0.11	0.09	0.0	0.47	0.22	1.91	3	3	84	201
391	70	26.7	3.43	6.58	0.522	0.25	0.77	0.329	1.95	2.51	0.779	1.87	2.86	4.73	1.56	0.87	0.47	1.85	1.12	9.07	8	3	95	203
845	347	21.3	2.47	5.36	0.461	0.0	0.03	0.0	2.16	2.89	0.746	2.24	3.58	5.82	1.21	0.71	0.36	2.6	1.38	7.11	1	5	125	211
865	766	33.0	5.81	12.78	0.454	0.49	1.72	0.286	2.72	4.3	0.633	1.96	5.64	7.6	3.17	1.23	1.97	2.77	2.49	14.83	1	4	102	206
119	25	15.7	2.72	5.95	0.458	0.03	0.11	0.231	1.43	1.92	0.746	1.3	2.74	4.04	0.97	0.45	0.39	1.98	1.13	6.9	5	4	121	206
1000	354	15.9	2.4	4.93	0.486	0.0	0.01	0.0	1.02	1.6	0.639	1.81	2.9	4.7	0.38	0.43	0.64	2.15	0.92	5.82	1	5	113	208
143	58	16.4	1.76	3.97	0.443	0.1	0.34	0.292	0.89	1.35	0.658	1.17	2.27	3.44	0.99	0.6	0.34	2.47	0.97	4.5	4	4	100	201
186	9	10.9	0.96	2.67	0.361	0.34	1.06	0.32	0.81	0.95	0.847	0.15	0.96	1.11	1.17	0.56	0.08	1.12	0.75	3.07	8	1	86	183
413	64	19.8	2.04	4.99	0.409	1.02	2.87	0.354	0.96	1.23	0.778	0.89	2.67	3.56	0.89	0.38	0.32	1.69	0.62	6.05	8	4	109	203
18	0	8.1	1.17	2.67	0.438	0.22	0.67	0.333	0.39	0.72	0.538	0.22	0.89	1.11	0.83	0.28	0.0	0.89	0.78	2.94	1	1	89	188
12	0	11.3	1.58	5.0	0.317	0.42	1.92	0.217	0.67	1.0	0.667	0.33	1.0	1.33	0.67	0.25	0.17	0.67	0.5	4.25	1	2	83	188
587	159	21.7	2.43	4.84	0.502	0.0	0.04	0.038	1.73	2.68	0.645	2.47	3.91	6.38	0.81	1.05	0.22	2.09	1.0	6.58	9	4	93	206
579	165	17.4	2.12	5.37	0.395	0.95	2.64	0.361	1.26	1.45	0.875	0.17	1.24	1.41	2.79	0.61	0.06	1.7	1.07	6.46	1	1	76	183
1424	892	26.9	4.98	10.23	0.487	0.03	0.13	0.211	2.12	2.98	0.713	2.9	5.46	8.36	0.93	0.67	0.52	2.93	1.77	12.12	2	5	111	213
1380	839	30.8	5.35	12.23	0.438	0.91	2.55	0.356	2.58	3.74	0.689	1.34	3.23	4.57	2.24	1.02	1.01	3.03	1.81	14.19	1	4	102	208
151	9	12.1	1.38	3.01	0.459	0.0	0.01	0.0	0.39	0.54	0.728	1.26	2.17	3.43	0.43	0.21	0.37	1.69	0.49	3.16	3	4	116	211
69	2	12.3	1.99	3.68	0.539	0.0	0.0	0.0	1.0	1.29	0.775	1.06	1.91	2.97	0.43	0.29	0.45	2.07	1.06	4.97	3	5	113	208
49	1	9.3	1.37	2.39	0.573	0.0	0.02	0.0	0.63	1.82	0.348	1.45	1.9	3.35	0.04	0.2	0.43	1.39	0.39	3.37	2	5	118	208
418	319	25.6	4.59	8.24	0.556	0.0	0.02	0.111	2.36	3.42	0.69	2.41	5.3	7.71	1.17	0.32	1.57	2.46	1.54	11.54	9	5	129	213
237	8	12.3	1.91	4.98	0.384	0.69	2.0	0.345	0.32	0.42	0.768	0.24	0.76	1.0	1.52	0.36	0.01	0.82	0.54	4.83	8	1	75	180
23	1	4.2	0.48	1.09	0.44	0.0	0.0	0.0	0.26	0.52	0.5	0.3	0.35	0.65	0.78	0.26	0.0	0.57	0.48	1.22	2	3	95	201
600	361	23.6	3.75	8.19	0.458	0.52	1.48	0.353	0.99	1.42	0.703	1.53	4.4	5.93	1.89	0.4	1.0	2.63	1.49	9.02	8	5	111	216
249	10	24.0	2.97	7.44	0.399	1.66	4.61	0.36	1.45	1.73	0.84	0.51	1.93	2.44	2.22	1.0	0.16	1.48	1.15	9.05	4	2	84	198
835	834	35.5	6.41	11.06	0.58	0.01	0.06	0.102	5.14	9.0	0.571	3.54	9.17	12.71	1.51	0.99	2.1	3.31	3.07	17.97	1	5	120	211
139	75	11.4	1.12	2.77	0.405	0.01	0.03	0.25	0.55	0.81	0.679	0.89	1.95	2.84	0.29	0.37	0.12	2.16	0.8	2.8	3	5	127	211
864	758	35.8	4.9	10.62	0.462	0.95	2.84	0.335	2.99	4.18	0.716	1.01	4.43	5.44	4.65	1.67	0.48	1.92	2.18	13.74	1	3	94	198
72	3	10.0	1.17	3.26	0.357	0.44	1.24	0.36	0.72	0.99	0.732	0.38	0.86	1.24	0.81	0.33	0.04	0.99	0.68	3.5	4	3	98	201
516	311	21.6	2.78	4.67	0.594	0.0	0.0	0.0	0.74	1.48	0.5	2.31	4.73	7.04	0.91	0.64	1.12	3.15	0.93	6.29	1	5	113	213
564	193	21.5	2.73	7.01	0.39	0.64	2.01	0.319	1.31	1.68	0.777	0.27	1.33	1.59	3.48	0.73	0.13	2.12	1.52	7.42	1	1	77	183
714	196	18.4	2.69	5.76	0.468	0.03	0.12	0.282	1.44	2.08	0.694	1.81	3.78	5.59	0.71	0.42	0.59	1.86	0.9	6.87	1	4	107	206
786	242	26.6	4.74	11.21	0.423	1.94	5.21	0.371	1.74	2.37	0.735	0.54	2.71	3.25	2.25	1.01	0.22	2.29	1.47	13.15	1	2	102	198
6	0	4.7	0.0	0.33	0.0	0.0	0.0	0.0	0.67	1.33	0.5	0.0	1.5	1.5	0.0	0.0	0.17	0.67	0.67	0.67	2	5	118	226
690	341	21.5	3.07	6.46	0.476	0.14	0.51	0.269	1.72	2.4	0.719	1.11	2.14	3.26	1.34	1.4	0.43	2.34	1.37	8.01	1	2	97	193
685	503	30.8	5.53	12.62	0.438	1.64	4.24	0.385	5.11	5.87	0.87	0.57	2.68	3.25	1.94	0.92	0.11	1.93	1.71	17.8	1	2	90	201
745	444	28.1	3.68	8.61	0.427	1.11	3.21	0.346	1.65	2.33	0.71	1.11	3.66	4.77	2.08	1.45	0.33	2.04	1.46	10.12	1	3	98	203
46	4	6.9	0.61	1.17	0.519	0.0	0.0	0.0	0.3	0.61	0.5	0.43	1.02	1.46	0.07	0.09	0.28	1.35	0.57	1.52	2	5	138	221
31	0	8.8	0.74	2.32	0.319	0.16	0.94	0.172	1.1	1.35	0.81	0.16	0.55	0.71	0.9	0.23	0.03	1.06	0.94	2.74	1	2	95	193
6	0	3.3	0.83	1.67	0.5	0.0	0.0	0.0	0.17	0.33	0.5	0.17	0.5	0.67	0.0	0.0	0.17	0.67	0.5	1.83	2	5	125	221
83	23	13.4	1.16	2.75	0.421	0.0	0.01	0.0	0.8	1.07	0.742	1.19	2.16	3.35	0.77	0.17	0.55	2.41	0.84	3.11	3	5	109	213
35	0	4.1	0.57	1.69	0.339	0.11	0.23	0.5	0.23	0.26	0.889	0.29	0.46	0.74	0.2	0.17	0.06	0.6	0.11	1.49	1	5	118	211
233	73	15.5	2.42	5.0	0.485	0.0	0.01	0.0	1.67	2.42	0.689	1.72	2.77	4.48	0.62	0.31	0.46	2.44	1.19	6.51	4	4	125	203
507	170	22.8	2.9	7.24	0.401	1.34	3.66	0.365	0.97	1.28	0.758	0.57	3.01	3.58	1.75	0.91	0.17	1.63	1.0	8.12	9	2	104	198
429	306	27.7	4.26	9.84	0.433	0.3	1.02	0.289	2.36	2.9	0.815	0.69	2.41	3.1	5.82	1.16	0.13	2.27	2.44	11.18	9	1	75	183
759	601	28.8	4.69	8.63	0.544	0.01	0.05	0.108	2.97	4.43	0.669	1.92	4.73	6.65	1.99	1.18	0.83	3.22	1.98	12.35	1	5	113	211
809	800	36.0	8.64	17.67	0.489	0.48	1.66	0.288	6.14	8.01	0.766	1.26	3.6	4.86	5.84	1.69	0.9	2.35	3.39	23.9	1	2	100	193
869	857	35.8	6.94	14.05	0.494	0.31	0.93	0.333	5.03	6.29	0.8	2.19	6.37	8.56	2.0	0.83	1.06	2.42	2.03	19.23	1	4	107	211
847	727	31.2	6.13	12.5	0.49	0.06	0.23	0.251	2.87	3.5	0.818	1.92	5.12	7.04	2.23	0.77	0.81	2.48	1.73	15.18	1	4	109	206
947	527	28.2	3.74	7.57	0.494	0.47	1.37	0.341	1.05	1.46	0.714	1.25	3.34	4.59	3.61	0.65	0.52	2.25	1.85	9.0	1	4	113	203
421	74	13.4	2.17	4.95	0.439	0.62	1.63	0.382	0.52	0.67	0.783	0.73	1.92	2.65	0.6	0.32	0.32	1.87	0.6	5.49	9	4	106	206
751	562	22.2	2.23	4.2	0.531	0.0	0.02	0.0	1.06	1.77	0.596	1.71	4.17	5.88	1.04	0.33	1.19	2.77	1.59	5.52	1	5	122	208
508	87	17.9	2.63	5.96	0.442	0.9	2.07	0.434	0.53	0.63	0.835	0.32	1.34	1.66	0.82	0.35	0.05	1.53	0.64	6.69	9	3	97	203
2	0	2.5	0.5	1.5	0.333	0.0	0.0	0.0	0.0	0.0	0.0	0.0	0.5	0.5	0.0	0.0	0.0	0.0	0.0	1.0	2	4	108	208
1	0	3.0	0.0	1.0	0.0	0.0	0.0	0.0	0.0	0.0	0.0	0.0	0.0	0.0	0.0	0.0	0.0	1.0	0.0	0.0	1	5	128	229
731	297	20.2	3.31	7.77	0.425	0.71	2.04	0.346	0.97	1.27	0.765	0.33	1.45	1.78	1.39	0.54	0.15	1.72	0.96	8.29	1	2	91	191
11	0	5.0	0.36	0.82	0.444	0.0	0.0	0.0	0.27	0.45	0.6	0.45	0.55	1.0	0.18	0.0	0.27	1.27	0.18	1.0	4	5	129	208
638	91	16.5	1.77	4.47	0.397	1.14	2.87	0.398	0.79	0.94	0.844	0.34	1.57	1.91	0.54	0.34	0.32	1.37	0.34	5.48	1	3	98	203
914	346	26.4	3.45	7.79	0.443	1.96	4.53	0.432	1.18	1.34	0.881	0.32	2.81	3.13	1.83	0.71	0.34	2.19	1.1	10.04	1	3	96	201
67	12	9.4	1.34	2.82	0.476	0.0	0.04	0.0	0.6	1.22	0.488	1.12	1.67	2.79	0.33	0.25	0.12	1.22	0.66	3.28	2	5	118	201
13	4	6.2	0.62	1.31	0.471	0.0	0.0	0.0	0.08	0.15	0.5	0.15	0.46	0.62	0.08	0.0	0.0	1.46	0.69	1.31	1	5	111	213
861	776	31.2	6.79	13.03	0.521	0.0	0.02	0.071	2.65	3.67	0.722	2.37	7.15	9.51	2.24	0.89	0.41	3.03	2.12	16.23	1	4	121	206
73	0	7.8	1.07	2.29	0.467	0.0	0.01	0.0	0.58	0.9	0.636	1.04	1.53	2.58	0.15	0.14	0.22	2.12	0.56	2.71	2	5	118	208
162	5	11.6	1.52	3.27	0.466	0.01	0.03	0.2	0.88	1.33	0.657	1.1	1.85	2.94	0.25	0.23	0.36	2.0	0.67	3.93	4	4	118	203
1	0	6.0	2.0	3.0	0.667	0.0	0.0	0.0	0.0	0.0	0.0	1.0	0.0	1.0	0.0	0.0	0.0	0.0	1.0	4.0	1	3	111	201
10	0	11.0	1.0	3.1	0.323	0.0	0.0	0.0	0.7	1.2	0.583	1.2	1.3	2.5	0.3	0.3	0.4	1.9	0.2	2.7	2	4	125	206
44	4	7.4	0.34	1.2	0.283	0.0	0.0	0.0	0.48	1.07	0.447	0.61	0.95	1.57	0.36	0.32	0.14	1.34	0.39	1.16	2	4	113	211
113	26	18.9	2.48	5.77	0.429	0.4	1.15	0.346	1.13	1.33	0.853	0.27	1.44	1.72	3.79	0.74	0.04	2.46	1.96	6.49	3	1	79	183
886	694	24.4	3.17	6.09	0.521	0.0	0.01	0.083	1.35	1.91	0.706	2.58	5.25	7.84	0.52	0.49	1.74	2.94	1.43	7.69	1	5	113	211
108	0	6.5	0.94	2.66	0.352	0.23	0.69	0.333	0.11	0.19	0.6	0.2	0.38	0.58	0.22	0.2	0.04	0.77	0.34	2.21	4	2	84	196
82	4	12.9	0.82	2.7	0.303	0.16	0.54	0.295	0.7	1.01	0.687	0.82	1.51	2.33	0.82	0.59	0.15	1.15	0.5	2.49	3	2	91	198
25	0	5.0	0.44	1.88	0.234	0.0	0.24	0.0	0.32	0.4	0.8	0.2	0.48	0.68	0.68	0.24	0.0	0.28	0.52	1.2	3	2	88	193
27	0	5.0	0.48	2.07	0.232	0.0	0.22	0.0	0.22	0.44	0.5	0.19	0.81	1.0	0.3	0.0	0.22	0.7	0.37	1.19	4	4	110	206
737	211	21.9	2.91	7.02	0.415	1.32	3.48	0.378	0.83	1.09	0.758	0.89	2.89	3.78	1.35	0.73	0.36	2.11	1.13	7.98	1	4	107	208
943	741	28.6	3.25	5.51	0.59	0.0	0.01	0.0	2.24	3.47	0.646	3.18	6.08	9.26	0.83	0.57	1.3	2.96	1.5	8.74	1	5	109	216
27	4	9.9	1.19	3.33	0.356	0.15	0.56	0.267	0.33	0.37	0.9	0.19	0.59	0.78	1.48	0.7	0.04	1.11	0.63	2.85	3	1	80	185
341	214	18.2	2.97	5.96	0.498	0.0	0.02	0.167	1.25	1.79	0.701	1.65	2.24	3.89	0.52	0.2	0.39	2.14	0.8	7.19	8	5	114	218
315	168	15.9	1.84	3.76	0.49	0.0	0.0	0.0	1.07	1.63	0.657	1.38	2.54	3.93	0.32	0.23	0.71	2.19	0.85	4.75	7	5	129	218
95	1	10.2	1.02	2.83	0.361	0.0	0.02	0.0	0.6	1.07	0.559	0.88	1.62	2.51	0.39	0.31	0.45	1.72	0.76	2.64	3	5	116	216
592	395	19.8	1.51	2.74	0.552	0.0	0.01	0.0	0.85	1.52	0.557	1.88	4.31	6.19	0.43	0.27	1.41	2.71	0.97	3.87	1	5	111	216
436	256	20.1	2.87	6.26	0.459	0.01	0.03	0.231	1.73	2.45	0.704	1.98	3.3	5.28	0.51	0.29	1.02	2.9	1.23	7.48	9	5	120	213
187	58	21.7	3.5	8.3	0.422	0.22	0.65	0.339	1.81	2.23	0.813	0.66	1.52	2.19	1.21	0.59	0.1	2.02	1.09	9.04	5	2	93	196
69	9	12.4	1.23	2.88	0.427	0.0	0.01	0.0	1.33	1.81	0.736	1.28	1.99	3.26	0.12	0.25	0.93	2.12	0.58	3.8	5	5	116	213
948	836	32.7	4.87	11.71	0.416	1.2	3.5	0.342	2.68	3.74	0.716	1.21	3.42	4.62	2.75	1.79	0.55	2.67	1.87	13.62	1	3	118	201
961	684	33.4	5.01	10.81	0.463	0.69	2.21	0.312	2.6	3.75	0.693	1.89	6.49	8.39	3.7	0.88	0.93	3.03	2.34	13.3	1	4	104	208
1041	867	33.3	6.31	12.6	0.501	0.0	0.02	0.1	3.48	4.73	0.736	3.16	5.46	8.62	2.08	0.9	1.75	2.96	1.97	16.1	1	4	115	206
1280	935	31.2	4.69	10.19	0.46	0.15	0.69	0.218	3.12	3.87	0.807	1.07	2.65	3.72	6.62	1.2	0.18	2.24	2.42	12.65	1	1	91	191
15	6	10.1	0.53	1.73	0.308	0.0	0.0	0.0	0.67	1.07	0.625	0.73	1.67	2.4	0.47	0.13	0.2	2.47	1.33	1.73	4	5	113	221
142	1	8.5	0.96	2.92	0.33	0.28	1.11	0.255	0.46	0.64	0.714	0.12	0.54	0.65	1.4	0.24	0.04	0.88	0.75	2.67	4	1	89	188
797	546	30.0	3.95	8.33	0.474	0.46	1.49	0.31	3.48	4.61	0.754	1.76	3.7	5.46	2.72	1.38	1.83	2.01	1.9	11.83	1	4	107	206
142	0	9.7	1.15	2.84	0.404	0.01	0.08	0.182	0.68	0.88	0.768	0.63	1.28	1.92	0.2	0.3	0.32	1.09	0.3	2.99	3	4	111	208
159	20	11.7	1.46	3.67	0.397	0.23	0.7	0.333	0.42	0.58	0.71	0.45	0.87	1.32	0.6	0.37	0.23	2.11	0.62	3.57	4	3	98	201
199	23	19.1	2.62	6.83	0.383	0.55	1.71	0.321	1.16	1.59	0.726	0.59	1.28	1.87	2.68	0.88	0.16	1.94	1.3	6.94	4	1	86	193
471	116	20.8	2.75	6.48	0.424	0.9	2.59	0.349	0.66	0.94	0.704	1.17	3.05	4.22	0.87	0.65	0.31	1.85	0.82	7.06	8	3	99	203
15	0	6.9	0.73	1.87	0.393	0.0	0.0	0.0	0.73	1.13	0.647	0.73	1.47	2.2	0.2	0.33	0.07	0.87	0.2	2.2	5	4	107	208
500	393	26.3	3.58	8.22	0.435	0.0	0.0	0.0	1.12	1.87	0.597	1.9	4.93	6.83	0.65	0.45	1.39	3.04	1.8	8.27	9	5	122	213
1279	1242	35.1	6.68	14.96	0.446	1.62	4.39	0.37	5.38	6.67	0.806	0.85	4.91	5.76	3.64	1.35	0.57	2.75	2.72	20.35	1	3	107	201
587	84	15.0	2.12	4.83	0.439	0.0	0.01	0.125	0.66	0.84	0.791	0.99	2.34	3.33	0.58	0.34	0.36	2.24	0.64	4.91	1	5	119	211
353	64	22.6	3.34	6.68	0.5	0.0	0.05	0.053	1.48	2.3	0.645	1.86	4.08	5.94	0.91	0.52	1.62	2.87	1.33	8.16	6	5	100	211
212	206	35.3	5.75	13.32	0.432	1.36	3.38	0.402	2.5	3.19	0.784	0.84	2.03	2.87	2.6	1.0	0.4	2.6	1.92	15.36	6	2	86	196
243	46	16.3	1.72	4.51	0.382	0.62	1.66	0.371	0.38	0.46	0.83	0.23	0.98	1.21	2.16	0.51	0.04	1.2	0.86	4.45	6	2	84	188
811	593	22.2	3.17	6.31	0.502	0.0	0.02	0.077	0.47	0.8	0.585	1.87	3.24	5.11	1.03	0.41	1.15	2.7	0.92	6.81	1	5	116	213
249	80	16.6	2.21	5.12	0.432	0.19	0.59	0.327	1.2	1.83	0.659	0.85	1.57	2.43	1.01	0.65	0.25	1.81	1.02	5.82	6	3	90	196
153	16	14.3	2.07	5.31	0.39	0.37	1.29	0.289	0.94	1.44	0.652	0.55	1.14	1.69	0.93	0.46	0.31	2.07	1.07	5.46	6	2	91	198
837	428	21.1	2.56	5.24	0.488	0.01	0.09	0.162	0.94	1.36	0.69	1.64	3.48	5.12	0.62	0.5	0.85	2.63	0.84	6.07	1	4	104	211
432	278	31.0	5.76	13.43	0.429	0.14	0.56	0.25	1.97	2.44	0.808	0.89	2.22	3.11	2.13	1.06	0.26	2.04	1.58	13.64	8	2	95	201
733	269	17.8	1.8	3.77	0.477	0.0	0.0	0.0	0.48	0.96	0.499	1.77	2.95	4.72	0.47	0.36	1.62	2.15	0.81	4.08	1	5	113	208
236	145	20.4	3.05	7.31	0.417	0.08	0.32	0.237	1.58	2.24	0.703	1.21	2.08	3.29	1.13	0.78	0.36	2.06	1.31	7.75	8	3	101	198
541	246	19.6	2.08	4.1	0.507	0.0	0.02	0.077	1.32	2.05	0.644	1.63	3.68	5.31	0.45	0.54	1.27	2.49	0.83	5.47	1	5	116	211
155	23	13.9	1.95	4.74	0.413	0.03	0.19	0.138	1.31	1.74	0.755	1.15	2.3	3.45	0.82	0.5	0.42	2.41	0.95	5.25	3	5	115	213
60	6	13.5	2.17	6.4	0.339	0.5	1.47	0.341	1.38	1.7	0.814	0.27	0.95	1.22	0.77	0.45	0.2	1.72	0.98	6.22	3	2	95	191
16	0	6.9	0.81	1.81	0.448	0.0	0.0	0.0	0.19	0.5	0.375	0.5	0.62	1.12	0.19	0.12	0.06	1.31	0.56	1.81	7	5	111	213
141	36	14.0	2.11	5.15	0.409	0.51	1.77	0.288	0.45	0.74	0.606	0.4	1.01	1.42	0.88	0.62	0.5	1.45	0.79	5.17	6	2	88	193
973	786	29.5	3.87	8.3	0.466	0.02	0.09	0.205	1.76	2.62	0.67	2.68	7.09	9.78	1.89	0.99	2.39	2.76	1.4	9.52	1	5	109	211
1300	1150	35.6	6.59	14.58	0.452	2.29	5.71	0.4	3.38	3.78	0.894	0.95	3.11	4.06	3.35	1.12	0.19	2.2	2.08	18.85	1	2	93	196
445	143	17.1	2.1	4.55	0.462	0.0	0.02	0.111	1.13	1.79	0.63	1.41	3.29	4.69	0.57	0.3	0.71	2.01	0.91	5.34	1	4	113	206
225	23	11.1	1.4	3.34	0.421	0.0	0.02	0.0	0.89	1.34	0.668	1.07	1.93	3.0	0.2	0.15	0.27	1.56	0.64	3.7	6	5	116	211
1306	1158	36.4	8.79	19.55	0.449	1.33	4.03	0.331	6.31	7.54	0.836	1.13	4.16	5.29	4.76	1.46	0.48	2.52	3.01	25.21	1	2	96	198
381	45	16.1	3.02	6.55	0.462	0.04	0.13	0.294	1.53	2.06	0.74	0.86	1.92	2.78	0.74	0.35	0.57	1.85	1.23	7.61	7	4	102	203
74	0	7.1	1.38	2.92	0.472	0.0	0.01	0.0	0.69	1.24	0.554	0.58	1.35	1.93	0.45	0.11	0.35	1.38	1.12	3.45	4	5	147	224
371	58	12.3	1.41	3.21	0.438	0.04	0.16	0.259	0.58	0.84	0.696	1.19	1.94	3.13	0.6	0.37	0.59	2.17	0.66	3.44	8	5	107	213
756	321	19.5	1.77	3.65	0.486	0.0	0.01	0.1	1.1	1.94	0.569	1.95	3.53	5.48	0.59	0.25	1.71	2.48	0.9	4.65	1	5	127	218
708	150	21.4	2.83	6.56	0.431	0.38	1.09	0.345	1.56	1.87	0.835	0.32	1.44	1.76	3.45	0.93	0.08	2.28	1.31	7.59	1	1	83	180
135	23	9.8	1.19	2.93	0.408	0.01	0.03	0.25	0.96	1.23	0.783	0.8	1.32	2.12	0.24	0.1	0.09	1.79	0.51	3.36	3	5	121	213
462	170	19.6	2.76	5.74	0.481	0.0	0.02	0.0	1.77	2.77	0.637	1.82	2.56	4.38	0.91	0.45	0.24	2.48	1.4	7.29	9	4	116	203
51	0	7.9	0.76	2.33	0.328	0.35	1.29	0.273	0.55	0.69	0.8	0.04	0.45	0.49	0.96	0.33	0.02	0.75	0.9	2.43	2	2	85	188
472	151	15.8	1.84	3.92	0.47	0.02	0.08	0.211	0.66	1.05	0.63	1.19	2.41	3.61	0.56	0.44	0.65	1.97	0.6	4.36	9	5	107	211
395	341	30.6	5.06	10.65	0.475	0.01	0.07	0.074	2.39	3.41	0.703	2.17	4.78	6.95	1.58	0.51	0.76	3.46	1.88	12.52	7	5	125	213
1450	1413	34.7	7.23	14.55	0.497	0.12	0.44	0.276	3.37	4.27	0.79	2.21	7.88	10.09	3.74	1.28	1.4	2.44	2.19	17.95	2	4	109	211
506	130	19.5	3.54	7.08	0.501	0.01	0.1	0.08	1.54	2.39	0.643	1.66	2.83	4.5	1.0	0.44	0.34	2.17	1.18	8.63	1	4	113	203
688	668	36.8	8.1	17.63	0.459	0.9	2.65	0.34	3.59	4.38	0.82	1.49	4.59	6.09	2.73	1.2	0.56	2.68	3.12	20.69	1	3	102	201
102	4	5.1	0.77	2.18	0.356	0.05	0.24	0.208	0.1	0.19	0.526	0.31	0.74	1.05	0.18	0.15	0.13	1.04	0.29	1.7	7	5	100	218
108	2	9.8	1.16	2.81	0.413	0.01	0.07	0.125	0.72	1.05	0.69	0.45	1.19	1.65	0.61	0.34	0.24	1.55	0.5	3.05	5	5	113	211
918	186	19.8	2.73	6.12	0.446	0.74	1.88	0.393	0.82	0.97	0.84	0.7	2.07	2.78	1.29	0.42	0.32	2.14	0.88	7.01	1	4	104	208
47	1	6.4	0.6	1.53	0.389	0.0	0.0	0.0	0.26	0.55	0.462	0.68	0.94	1.62	0.11	0.04	0.4	0.77	0.13	1.45	4	5	104	213
80	14	15.6	2.08	5.5	0.377	0.91	2.41	0.378	0.46	0.56	0.822	0.28	0.72	1.0	1.84	0.25	0.15	0.72	0.78	5.53	4	1	82	185
92	5	6.4	0.54	1.1	0.495	0.0	0.0	0.0	0.29	0.45	0.659	0.66	1.47	2.13	0.12	0.17	0.16	1.15	0.33	1.38	3	5	109	211
22	0	9.7	0.77	2.32	0.333	0.0	0.23	0.0	0.14	0.27	0.5	0.23	0.36	0.59	2.09	0.73	0.05	0.91	0.73	1.68	4	1	86	188
44	1	6.3	0.32	0.86	0.368	0.0	0.0	0.0	0.34	0.61	0.556	0.5	0.8	1.3	0.14	0.09	0.39	0.91	0.32	0.98	4	5	118	213
542	215	15.8	1.26	2.77	0.455	0.0	0.01	0.0	1.35	1.93	0.699	1.19	1.72	2.91	0.77	0.25	0.18	2.43	0.62	3.87	1	5	112	211
75	10	14.2	1.71	5.09	0.335	0.16	0.73	0.218	0.71	0.95	0.746	0.44	0.83	1.27	2.35	0.68	0.04	1.05	1.28	4.28	3	1	84	188
569	191	18.7	2.51	5.75	0.438	0.24	0.71	0.338	1.36	1.68	0.806	0.37	1.33	1.7	3.09	0.51	0.05	1.54	1.2	6.63	9	1	92	188
18	0	6.7	0.83	2.11	0.395	0.0	0.06	0.0	0.17	0.39	0.429	0.5	0.56	1.06	0.39	0.06	0.06	0.67	0.56	1.83	4	4	104	208
809	372	19.2	1.37	2.94	0.465	0.0	0.01	0.091	1.33	2.52	0.528	2.45	4.67	7.13	0.57	0.7	0.14	2.34	1.11	4.07	1	4	111	203
498	18	15.0	2.47	6.31	0.391	0.8	2.26	0.356	0.64	0.74	0.864	0.22	1.18	1.41	1.98	0.5	0.06	1.3	1.12	6.38	1	1	84	185
143	32	10.6	1.15	2.73	0.423	0.0	0.01	0.0	1.26	1.75	0.72	1.02	1.66	2.68	0.22	0.27	0.19	1.78	0.66	3.57	6	5	122	206
706	479	28.1	3.66	8.43	0.434	1.35	3.34	0.406	1.25	1.56	0.799	0.58	2.21	2.79	1.71	0.69	0.18	2.61	0.99	9.91	1	2	93	196
623	181	19.6	1.97	4.88	0.404	0.19	0.74	0.25	0.7	0.98	0.706	0.39	1.7	2.09	3.79	0.96	0.18	1.77	1.54	4.83	1	1	86	185
35	0	6.6	0.69	2.14	0.32	0.09	0.54	0.158	0.37	0.49	0.765	0.23	0.46	0.69	1.26	0.29	0.0	0.71	0.6	1.83	2	1	82	180
153	56	10.7	0.76	1.89	0.401	0.07	0.37	0.179	0.28	0.49	0.573	0.61	1.1	1.71	0.41	0.22	0.29	1.58	0.3	1.86	8	5	107	208
456	109	16.7	2.51	5.21	0.481	0.01	0.08	0.111	1.3	1.96	0.665	1.1	1.74	2.84	1.19	0.55	0.3	1.97	1.21	6.32	1	3	102	203
281	26	12.2	1.92	3.93	0.488	0.01	0.03	0.222	0.72	1.07	0.668	0.95	1.79	2.74	0.36	0.28	0.39	1.14	0.58	4.56	1	4	95	206
708	409	26.6	4.21	9.91	0.425	1.38	3.64	0.379	2.05	2.76	0.743	1.08	2.87	3.95	2.31	0.93	0.57	2.89	1.87	11.84	1	3	99	203
1094	740	30.7	4.95	10.9	0.454	0.18	0.63	0.282	3.14	4.35	0.721	1.07	2.66	3.73	7.3	1.48	0.2	1.87	2.62	13.22	1	1	79	191
9	0	1.6	0.11	0.89	0.125	0.0	0.0	0.0	0.0	0.0	0.0	0.33	0.0	0.33	0.0	0.0	0.0	0.22	0.22	0.22	2	5	118	211
942	361	23.0	2.75	6.81	0.403	0.46	1.5	0.304	1.0	1.27	0.782	0.82	2.56	3.38	4.16	0.79	0.27	2.07	1.77	6.95	1	1	86	198
470	314	24.2	4.43	8.85	0.5	0.29	0.88	0.328	2.83	3.6	0.786	1.56	5.75	7.31	2.05	0.79	1.05	2.74	1.78	11.98	7	5	127	221
122	30	11.6	1.25	2.67	0.469	0.0	0.0	0.0	0.91	1.33	0.685	0.62	1.51	2.13	0.31	0.32	0.39	1.89	0.7	3.42	4	5	116	213
841	393	23.5	2.7	6.27	0.431	0.81	2.21	0.369	1.7	2.27	0.75	0.89	2.57	3.46	1.29	1.04	0.24	2.36	0.99	7.92	1	2	102	201
186	41	9.9	1.17	2.57	0.456	0.0	0.02	0.0	0.74	1.05	0.704	0.97	1.61	2.58	0.32	0.29	0.71	1.63	0.68	3.09	7	5	111	213
749	230	18.1	2.28	4.97	0.459	0.0	0.03	0.091	1.67	2.4	0.699	1.26	2.58	3.84	0.84	0.34	0.67	2.21	1.07	6.24	1	5	113	208
1058	658	23.5	3.36	6.65	0.505	0.0	0.02	0.192	1.08	2.02	0.536	2.58	4.14	6.72	0.7	0.49	0.62	2.68	1.11	7.81	1	5	100	211
215	22	15.3	2.27	4.31	0.527	0.0	0.0	0.0	1.4	1.76	0.792	0.91	2.29	3.2	0.41	0.27	0.74	2.38	0.94	5.93	6	5	120	213
1178	1053	34.9	6.3	13.33	0.473	0.83	2.55	0.326	2.65	3.77	0.704	1.76	4.61	6.36	5.21	1.96	0.8	2.83	2.76	16.08	1	3	103	203
733	454	28.3	4.27	9.34	0.457	1.57	3.76	0.418	1.07	1.38	0.778	0.58	2.7	3.28	1.68	0.79	0.31	1.32	0.93	11.18	1	2	88	198
600	475	29.4	4.79	9.95	0.481	0.14	0.47	0.291	2.0	3.17	0.629	2.42	4.28	6.69	2.84	0.95	0.54	2.94	2.18	11.71	1	3	100	203
1282	1160	31.4	3.77	8.01	0.471	0.05	0.21	0.253	2.09	2.75	0.761	3.06	6.46	9.52	2.51	1.05	0.3	3.45	2.17	9.69	1	4	102	203
683	233	18.0	2.4	5.1	0.47	0.0	0.02	0.091	1.41	2.0	0.705	1.54	2.8	4.34	0.39	0.38	0.47	2.35	1.0	6.2	1	4	100	206
499	62	14.6	1.76	4.28	0.412	0.22	0.68	0.319	0.77	0.95	0.816	0.28	1.03	1.31	2.08	0.4	0.04	1.17	0.95	4.52	1	2	86	191
1389	1303	34.3	5.93	12.6	0.471	1.84	4.67	0.395	4.49	5.06	0.888	0.64	2.38	3.01	2.98	1.08	0.22	1.97	1.74	18.2	1	2	84	201
838	686	31.0	6.11	11.58	0.527	0.03	0.11	0.247	4.84	7.0	0.692	2.61	5.91	8.52	1.13	0.49	2.81	3.35	2.64	17.08	1	5	109	208
493	196	23.0	3.12	5.81	0.536	0.01	0.09	0.116	1.11	1.74	0.639	1.91	3.96	5.87	2.15	0.92	1.54	2.96	1.87	7.35	1	5	127	206
114	4	8.5	0.71	1.89	0.377	0.0	0.03	0.0	0.37	0.61	0.609	0.66	1.21	1.87	0.32	0.21	0.31	1.16	0.46	1.79	8	5	107	211
119	0	7.7	0.73	2.29	0.32	0.35	1.05	0.336	0.65	0.95	0.681	0.33	0.69	1.02	0.3	0.31	0.04	0.9	0.38	2.46	6	3	104	201
1476	1469	37.2	9.17	17.76	0.516	0.06	0.21	0.274	6.63	8.93	0.742	2.41	7.73	10.14	3.55	1.41	0.77	3.1	3.07	25.02	1	4	120	206
295	206	25.3	2.65	6.51	0.408	1.35	3.64	0.372	0.72	0.9	0.797	0.21	1.48	1.69	2.89	0.81	0.05	1.27	1.29	7.38	7	4	87	191
774	420	22.8	2.7	6.04	0.446	0.19	0.62	0.306	1.02	1.57	0.652	1.95	3.09	5.04	1.45	1.06	0.33	2.16	1.15	6.6	1	3	99	203
535	304	23.5	2.94	6.59	0.447	0.05	0.17	0.281	1.03	1.38	0.751	3.04	4.4	7.44	1.3	0.56	0.3	2.8	1.13	6.96	1	4	113	203
1207	1197	34.7	9.39	16.12	0.582	0.0	0.02	0.045	4.92	9.32	0.527	3.49	7.37	10.85	2.51	0.61	2.26	3.43	2.74	23.69	1	5	147	216
366	365	35.4	7.67	17.13	0.448	0.87	2.92	0.299	3.7	4.56	0.811	0.88	2.81	3.7	6.39	0.82	0.4	1.44	2.95	19.92	7	1	86	191
433	201	24.7	5.27	11.72	0.45	0.54	1.57	0.343	1.92	2.54	0.759	1.12	3.72	4.84	1.32	0.61	0.52	2.25	1.77	13.0	7	4	107	206
526	313	31.2	5.26	12.23	0.43	1.57	4.22	0.373	2.08	2.54	0.821	0.53	2.63	3.16	2.96	1.02	0.26	2.24	2.08	14.18	7	2	95	196
371	301	30.4	4.39	10.6	0.414	1.8	4.9	0.367	3.82	4.46	0.856	0.79	3.8	4.6	1.9	0.83	0.49	1.99	1.29	14.39	7	3	102	208
67	0	11.1	1.54	3.75	0.41	0.24	0.7	0.34	0.9	1.28	0.698	0.69	1.1	1.79	0.66	0.24	0.45	1.73	0.78	4.21	3	3	104	203
555	405	26.0	3.73	7.51	0.497	0.0	0.05	0.037	1.7	2.59	0.655	2.23	4.57	6.8	1.1	0.49	0.72	3.04	1.33	9.16	7	4	113	211
383	118	23.0	2.81	6.52	0.431	1.14	2.82	0.405	0.69	0.97	0.707	0.42	2.7	3.11	0.99	0.48	0.58	1.39	0.92	7.45	7	2	95	198
444	409	32.5	7.04	13.82	0.51	0.0	0.05	0.048	3.88	4.89	0.792	2.82	4.56	7.38	1.34	0.57	1.77	2.84	1.95	17.97	7	5	125	213
523	73	15.4	3.14	6.73	0.467	0.04	0.16	0.233	1.48	1.88	0.786	1.5	2.71	4.2	0.59	0.27	0.51	2.2	0.89	7.8	7	5	116	208
563	522	26.0	4.32	9.32	0.464	0.01	0.04	0.25	2.23	2.96	0.753	2.48	4.28	6.76	1.45	0.38	1.85	3.22	1.72	10.88	7	5	122	218
393	158	19.6	3.48	6.44	0.541	0.0	0.01	0.2	1.35	2.31	0.584	2.02	3.45	5.47	0.35	0.4	1.76	2.34	1.09	8.32	7	5	122	213
516	306	22.8	3.92	7.76	0.505	0.0	0.04	0.0	1.87	3.0	0.622	2.24	4.72	6.96	0.86	0.52	0.59	1.97	1.48	9.71	7	4	110	206
216	50	12.6	2.12	4.12	0.514	0.06	0.17	0.324	0.82	1.03	0.802	1.16	2.49	3.64	0.5	0.31	0.62	2.31	0.82	5.11	5	5	112	218
446	156	25.7	4.43	10.44	0.424	2.03	5.35	0.379	1.88	2.19	0.86	2.13	3.42	5.55	0.88	0.56	0.38	2.04	1.02	12.78	7	4	109	208
553	313	27.1	3.68	8.21	0.448	1.02	2.67	0.381	1.25	1.47	0.85	0.45	2.15	2.6	1.55	1.01	0.26	1.7	0.99	9.63	7	2	91	196
453	147	15.7	2.44	4.62	0.528	0.0	0.01	0.0	0.67	1.09	0.613	1.74	3.04	4.78	0.36	0.38	0.81	2.0	0.69	5.55	7	5	120	213
476	365	28.5	4.87	9.19	0.529	0.29	0.79	0.373	1.47	1.97	0.743	2.49	4.97	7.47	0.56	0.42	2.56	2.86	1.27	11.49	6	5	111	208
138	11	15.3	2.52	4.98	0.507	0.01	0.02	0.333	0.82	1.14	0.72	0.85	2.32	3.17	0.58	0.28	0.41	1.44	0.47	5.87	6	4	113	206
400	87	17.9	2.82	6.36	0.444	0.17	0.56	0.293	0.76	1.0	0.758	1.16	2.45	3.61	0.71	0.63	0.64	2.55	0.81	6.57	7	4	107	206
24	1	7.7	0.83	2.42	0.345	0.25	1.0	0.25	0.5	0.67	0.75	0.29	1.04	1.33	1.0	0.29	0.12	0.75	0.62	2.42	2	3	98	196
458	110	15.0	0.84	1.64	0.509	0.0	0.0	0.0	0.57	0.86	0.663	1.2	1.66	2.86	0.21	0.27	1.12	1.74	0.48	2.24	8	5	111	206
151	0	7.0	0.86	1.86	0.463	0.0	0.03	0.0	0.52	0.83	0.632	0.91	1.56	2.46	0.28	0.07	0.61	1.38	0.61	2.25	5	5	120	218
37	2	8.2	0.84	2.3	0.365	0.27	0.68	0.4	0.49	0.57	0.857	0.27	0.68	0.95	0.78	0.3	0.0	1.22	0.62	2.43	1	1	84	183
222	61	19.7	2.59	5.9	0.439	0.38	1.15	0.329	1.53	1.84	0.831	0.37	1.75	2.13	1.14	0.58	0.25	1.29	0.9	7.08	6	3	95	201
51	5	15.1	2.16	5.24	0.412	0.25	0.78	0.325	1.1	1.59	0.691	0.43	1.27	1.71	2.08	0.71	0.0	1.65	1.43	5.67	1	1	75	188
546	434	26.5	3.38	5.07	0.666	0.0	0.01	0.125	1.46	3.53	0.415	3.03	6.22	9.25	0.51	0.6	1.78	2.73	1.21	8.21	7	5	120	211
259	191	25.4	5.0	9.6	0.521	0.0	0.0	0.0	2.94	3.87	0.759	3.07	3.82	6.9	0.73	0.54	0.58	2.36	1.57	12.94	5	4	139	211
377	198	20.5	2.18	4.11	0.529	0.0	0.0	0.0	1.39	2.49	0.558	2.34	5.18	7.53	0.65	0.39	0.82	2.07	1.27	5.74	5	5	116	213
73	19	18.9	1.84	4.16	0.441	0.58	1.63	0.353	0.73	0.99	0.736	0.47	1.7	2.16	1.63	0.75	0.45	1.33	1.1	4.97	3	2	91	198
153	47	19.3	3.12	6.64	0.47	0.14	0.56	0.256	0.82	1.14	0.714	0.54	1.85	2.39	1.46	0.51	0.18	1.52	1.11	7.21	3	3	93	198
45	2	9.6	1.11	2.56	0.435	0.0	0.02	0.0	0.58	0.84	0.684	1.11	1.24	2.36	0.53	0.22	0.2	1.36	0.64	2.8	2	5	127	208
62	0	7.6	1.03	2.02	0.512	0.03	0.19	0.167	0.31	0.6	0.514	0.39	0.85	1.24	0.47	0.16	0.26	0.77	0.37	2.4	2	3	100	198
69	17	13.4	1.46	2.68	0.546	0.0	0.0	0.0	0.87	1.46	0.594	0.83	1.93	2.75	0.42	0.36	0.42	2.38	0.72	3.8	2	5	109	213
685	150	22.1	3.08	6.72	0.458	1.06	2.41	0.441	0.93	1.11	0.837	0.31	1.22	1.53	1.71	0.43	0.06	1.48	0.94	8.15	1	3	83	196
821	37	16.9	1.94	4.47	0.434	0.8	2.04	0.392	1.06	1.25	0.848	0.39	1.45	1.84	2.17	0.88	0.14	1.24	0.98	5.74	1	2	88	193
286	155	20.1	3.85	7.43	0.518	0.06	0.22	0.286	1.13	1.78	0.634	1.56	3.28	4.84	0.9	0.47	0.62	2.49	1.32	8.89	6	4	120	206
403	149	13.3	1.45	2.73	0.53	0.0	0.0	0.0	0.71	1.09	0.658	1.08	1.82	2.9	0.35	0.45	0.7	2.82	0.63	3.61	8	4	113	203
1	0	6.0	2.0	3.0	0.667	0.0	0.0	0.0	1.0	1.0	1.0	0.0	1.0	1.0	0.0	0.0	0.0	3.0	1.0	5.0	2	5	118	208
850	263	22.9	3.86	8.4	0.46	1.28	3.12	0.411	1.47	1.71	0.858	0.27	1.62	1.89	3.34	0.87	0.05	1.26	1.43	10.47	1	1	75	180
45	10	10.9	1.36	3.47	0.391	0.11	0.33	0.333	0.64	0.87	0.744	0.87	1.67	2.53	0.6	0.24	0.11	2.62	0.89	3.47	4	5	130	211
1026	972	33.9	6.18	12.79	0.483	0.21	0.68	0.314	4.12	5.36	0.769	1.15	4.87	6.01	4.14	1.22	0.56	2.32	2.4	16.7	1	3	102	203
568	327	30.4	4.21	9.76	0.432	0.77	2.2	0.351	2.0	2.45	0.817	1.36	3.58	4.94	1.87	0.74	0.43	2.7	1.28	11.19	1	3	98	196
720	29	11.7	1.33	3.08	0.433	0.37	1.0	0.366	0.28	0.44	0.633	0.6	1.16	1.76	0.78	0.44	0.2	1.02	0.41	3.31	1	3	100	198
366	83	12.2	1.29	2.86	0.451	0.01	0.02	0.222	0.67	0.89	0.748	0.86	1.9	2.76	0.41	0.28	0.98	1.85	0.49	3.25	1	5	104	211
868	692	29.7	4.65	9.68	0.48	0.11	0.41	0.261	3.41	4.15	0.82	1.87	4.82	6.69	2.56	1.06	0.78	3.19	2.23	12.81	1	4	111	211
255	117	26.1	3.6	8.91	0.404	0.75	2.37	0.316	1.58	2.05	0.772	1.16	2.53	3.69	1.45	1.04	0.36	2.62	1.05	9.53	4	3	102	198
766	196	22.8	3.22	8.02	0.402	1.2	3.36	0.358	1.39	1.72	0.81	0.86	2.2	3.06	2.31	0.77	0.25	2.15	1.4	9.04	1	3	93	198
113	2	12.8	2.03	5.28	0.384	0.63	2.02	0.311	0.42	0.51	0.81	0.2	0.59	0.8	1.81	0.32	0.04	1.21	0.96	5.1	2	1	79	188
65	1	9.1	1.57	3.92	0.4	0.8	2.25	0.356	0.14	0.15	0.9	0.12	0.63	0.75	0.54	0.35	0.02	0.78	0.37	4.08	3	2	90	191
412	42	13.1	1.56	3.26	0.478	0.0	0.01	0.0	0.63	1.44	0.441	1.54	2.16	3.7	0.44	0.37	0.73	1.97	0.7	3.75	9	4	102	206
187	56	14.0	1.25	3.49	0.357	0.65	2.17	0.301	0.36	0.55	0.65	0.41	0.97	1.38	0.65	0.28	0.09	1.48	0.39	3.5	4	3	102	201
14	0	12.1	0.86	2.07	0.414	0.0	0.0	0.0	0.79	1.64	0.478	0.93	1.86	2.79	0.21	0.5	0.43	1.57	1.07	2.5	2	5	117	211
140	31	14.2	1.82	4.91	0.371	0.02	0.13	0.167	0.91	1.29	0.702	1.34	2.17	3.51	0.45	0.33	0.21	1.93	0.76	4.57	9	5	113	213
868	600	28.3	3.97	8.26	0.48	0.23	0.7	0.33	3.03	3.77	0.804	1.97	5.17	7.14	2.85	0.74	0.68	2.74	1.57	11.2	1	5	118	213
25	0	6.8	0.84	2.48	0.339	0.04	0.44	0.091	0.36	0.68	0.529	0.28	0.6	0.88	1.16	0.2	0.12	0.68	0.8	2.08	4	2	86	191
867	791	26.6	6.11	12.07	0.507	0.0	0.03	0.115	2.61	3.38	0.773	1.77	4.32	6.09	1.4	0.43	1.28	3.47	1.82	14.85	1	5	113	224
1	0	2.4	1.0	1.0	1.0	0.0	0.0	0.0	0.0	0.0	0.0	2.0	1.0	3.0	0.0	0.0	0.0	0.0	0.0	2.0	1	5	112	213
23	0	7.4	0.87	2.26	0.385	0.04	0.13	0.333	0.78	0.83	0.947	0.22	0.65	0.87	0.65	0.09	0.04	1.13	0.48	2.57	3	3	98	196
46	4	8.2	0.54	1.59	0.342	0.0	0.0	0.0	0.09	0.3	0.286	0.74	1.63	2.37	0.3	0.17	0.28	1.74	0.5	1.17	3	5	116	211
1089	989	31.1	3.54	7.68	0.46	0.01	0.05	0.136	1.98	2.5	0.794	2.76	4.97	7.72	1.53	0.84	1.02	2.95	1.23	9.06	1	5	102	211
797	198	16.9	2.18	4.37	0.5	0.0	0.02	0.083	1.05	1.5	0.697	1.41	2.35	3.76	0.62	0.41	0.24	2.53	0.83	5.41	1	4	111	206
1296	1091	30.2	3.7	8.28	0.447	0.57	1.71	0.332	1.67	2.17	0.77	0.99	2.84	3.83	7.97	1.24	0.09	1.72	2.43	9.64	1	1	82	185
127	8	10.2	1.57	3.84	0.408	0.07	0.28	0.25	0.48	0.72	0.663	0.71	1.39	2.09	0.35	0.22	0.31	1.42	0.69	3.69	3	5	113	211
520	61	13.0	1.13	2.91	0.39	0.35	1.01	0.344	0.45	0.57	0.783	0.53	1.46	1.99	0.84	0.3	0.23	1.57	0.66	3.07	1	4	109	206
247	69	14.6	2.17	4.3	0.506	0.0	0.01	0.0	0.64	1.23	0.525	1.32	2.26	3.57	0.67	0.26	0.51	2.34	1.09	4.99	6	5	111	213
1159	512	24.5	3.84	8.34	0.461	0.52	1.54	0.336	2.79	3.44	0.81	0.82	1.37	2.19	1.46	0.92	0.21	2.76	1.43	10.99	1	3	86	201
1003	671	28.4	3.46	7.42	0.467	0.08	0.29	0.283	2.48	3.26	0.761	2.16	3.97	6.13	1.71	1.2	0.36	2.95	1.62	9.49	1	4	102	203
678	302	24.2	4.2	9.19	0.457	0.79	2.05	0.384	1.4	1.79	0.781	1.52	3.91	5.43	1.31	0.59	0.44	2.8	1.26	10.58	1	4	104	208
16	0	3.4	0.5	1.06	0.471	0.0	0.0	0.0	0.19	0.38	0.5	0.19	0.38	0.56	0.19	0.06	0.06	0.88	0.25	1.19	1	4	113	208
985	516	21.6	3.18	6.47	0.492	0.0	0.03	0.154	1.55	2.11	0.737	2.16	4.64	6.79	1.16	0.75	0.99	3.19	1.67	7.92	1	5	111	208
867	770	35.3	6.51	15.08	0.431	1.78	5.01	0.355	2.94	3.76	0.782	0.63	2.67	3.29	8.18	1.65	0.15	2.34	2.86	17.73	1	1	79	183
226	87	21.0	2.58	6.36	0.405	0.29	0.89	0.322	2.2	2.73	0.806	0.54	1.2	1.74	4.03	0.96	0.03	1.71	1.75	7.65	4	1	69	178
852	354	23.8	2.99	7.03	0.425	0.3	1.11	0.267	1.5	1.85	0.811	0.55	1.59	2.14	3.89	0.86	0.16	2.14	1.49	7.78	1	2	82	185
942	717	30.6	4.89	11.13	0.44	1.22	3.41	0.358	3.25	3.85	0.845	1.18	2.07	3.25	3.1	0.77	0.29	2.42	1.82	14.26	1	2	91	201
136	1	9.2	1.57	3.76	0.417	0.51	1.33	0.387	0.79	1.08	0.735	0.41	1.29	1.7	0.29	0.18	0.21	1.14	0.5	4.44	5	5	116	216
913	868	38.6	6.65	15.66	0.425	1.21	3.58	0.337	3.79	4.71	0.804	0.84	3.24	4.08	4.01	1.42	0.43	1.85	2.68	18.3	1	2	86	196
994	322	22.4	3.24	7.25	0.447	0.07	0.29	0.223	2.14	2.74	0.784	1.26	2.47	3.73	1.1	0.55	0.3	2.52	0.84	8.69	1	3	95	198
704	559	33.7	5.67	12.4	0.458	0.71	2.26	0.316	3.11	4.02	0.774	1.38	3.08	4.47	5.01	1.6	0.44	2.22	2.54	15.18	1	1	88	201
976	901	35.2	7.48	16.43	0.455	1.36	3.5	0.388	4.67	5.5	0.85	0.9	2.99	3.89	3.48	1.24	0.26	2.56	2.64	21.0	1	2	98	196
1009	967	30.9	5.28	11.84	0.446	0.52	1.79	0.289	2.71	3.77	0.72	1.31	2.96	4.27	3.88	1.7	0.72	2.3	2.23	13.79	1	2	84	198
748	228	22.1	2.5	4.94	0.506	0.0	0.02	0.214	1.98	2.78	0.714	1.64	2.85	4.49	1.22	0.6	1.31	3.21	1.27	6.99	1	5	104	211
1165	1035	33.2	4.67	9.18	0.509	0.0	0.05	0.063	1.81	2.62	0.692	2.98	5.13	8.11	2.21	0.98	0.97	2.43	1.12	11.16	1	4	116	208
885	651	32.8	5.44	12.71	0.428	1.0	2.73	0.365	2.47	3.0	0.825	1.34	3.35	4.69	3.22	0.82	0.21	2.23	2.46	14.34	1	2	100	198
737	380	20.8	2.42	5.14	0.47	0.01	0.03	0.25	1.18	1.58	0.744	1.61	3.15	4.76	0.58	0.45	1.49	2.76	0.95	6.01	1	5	111	211
89	11	13.5	1.72	4.47	0.384	0.56	1.51	0.373	0.49	0.74	0.667	0.69	1.19	1.88	0.92	0.63	0.04	1.2	0.74	4.49	7	2	82	191
640	404	19.2	1.87	3.85	0.484	0.0	0.0	0.0	1.51	2.3	0.658	2.05	3.32	5.37	0.33	0.39	0.83	3.31	1.04	5.24	1	5	120	213
418	80	16.8	1.96	4.59	0.426	0.87	2.24	0.387	1.15	1.4	0.824	0.42	1.22	1.64	2.96	0.75	0.04	1.82	1.5	5.94	1	1	75	185
887	331	18.4	1.57	3.81	0.412	0.0	0.01	0.0	0.78	1.7	0.458	2.52	3.63	6.15	0.42	0.38	1.16	2.62	0.83	3.92	1	5	107	211
565	320	27.2	4.33	10.43	0.415	1.66	4.31	0.384	1.63	2.07	0.787	0.61	2.23	2.85	2.09	0.75	0.23	2.15	1.32	11.94	1	2	93	193
1136	526	29.6	4.75	9.68	0.491	0.42	1.09	0.384	3.95	4.92	0.803	1.65	4.54	6.18	3.37	0.75	0.27	2.96	2.0	13.87	1	3	97	206
31	0	8.6	0.74	1.58	0.469	0.0	0.0	0.0	0.29	0.65	0.45	0.58	1.16	1.74	0.26	0.1	0.23	1.48	0.29	1.77	2	5	116	216
880	671	32.9	5.27	13.02	0.405	1.74	4.86	0.357	2.11	2.66	0.794	0.43	2.47	2.89	6.56	0.83	0.1	1.57	2.1	14.38	1	1	77	185
765	482	27.6	4.36	9.0	0.484	0.2	0.75	0.267	2.09	3.09	0.678	0.73	1.46	2.19	5.93	1.03	0.1	2.11	2.3	11.01	1	1	82	183
230	40	18.2	2.74	6.65	0.412	0.32	1.07	0.3	0.6	0.79	0.758	0.51	2.09	2.6	0.78	0.5	0.13	1.45	0.6	6.4	5	3	86	196
832	484	23.5	3.26	7.13	0.457	0.0	0.05	0.103	1.59	2.22	0.715	2.09	4.24	6.33	0.69	0.64	2.55	3.09	1.27	8.12	1	5	107	229
25	0	5.5	0.52	1.56	0.333	0.0	0.0	0.0	1.12	1.44	0.778	0.52	0.88	1.4	0.2	0.08	0.04	0.72	0.36	2.16	1	5	100	213
937	639	29.1	4.17	8.59	0.486	0.22	0.69	0.316	2.4	3.08	0.779	1.62	3.07	4.68	2.41	1.14	0.65	2.88	1.83	10.96	1	3	93	206
1117	613	23.1	2.77	5.63	0.493	0.0	0.03	0.132	1.4	1.99	0.704	1.62	4.6	6.23	0.97	0.57	0.9	3.13	1.3	6.95	1	5	109	208
22	1	6.9	1.0	2.41	0.415	0.0	0.05	0.0	0.27	0.41	0.667	0.68	1.0	1.68	0.32	0.09	0.23	1.05	0.27	2.27	1	5	109	213
791	604	32.5	5.93	12.23	0.485	0.05	0.23	0.215	3.05	4.79	0.638	2.86	4.56	7.42	1.91	0.74	1.01	3.24	2.22	14.97	1	4	109	211
915	610	30.3	4.4	9.33	0.471	0.01	0.06	0.196	2.65	3.56	0.743	2.32	5.16	7.48	1.47	0.96	0.87	2.22	1.56	11.46	1	4	109	198
133	15	11.7	1.32	3.01	0.44	0.0	0.0	0.0	1.75	2.65	0.66	1.38	2.11	3.49	0.25	0.29	0.21	1.62	0.81	4.4	7	5	113	211
41	0	10.5	1.49	3.44	0.433	0.44	1.27	0.346	0.66	0.78	0.844	0.05	0.61	0.66	1.29	0.41	0.02	0.78	0.44	4.07	2	2	79	188
757	227	20.9	2.53	6.27	0.403	0.81	2.31	0.349	1.4	1.91	0.733	0.36	1.51	1.87	3.96	1.17	0.1	1.75	1.38	7.26	1	1	80	183
966	790	30.5	5.25	12.08	0.434	0.33	1.09	0.3	2.55	3.38	0.754	1.32	2.82	4.14	3.05	1.57	0.45	2.6	1.8	13.37	1	2	88	196
845	453	20.1	1.65	3.26	0.505	0.0	0.01	0.2	0.81	1.34	0.605	1.98	4.11	6.09	0.46	0.56	1.29	2.88	0.86	4.11	1	5	111	211
1153	571	24.4	4.1	8.82	0.465	0.05	0.25	0.201	2.01	2.92	0.69	2.02	3.48	5.5	1.85	1.24	0.69	3.0	1.37	10.26	1	4	98	201
656	95	12.2	1.6	3.63	0.44	0.03	0.14	0.225	0.65	0.86	0.748	0.78	1.8	2.58	0.54	0.14	0.29	1.86	0.71	3.87	1	5	109	211
846	260	26.3	4.29	9.61	0.447	0.86	2.58	0.335	2.14	2.94	0.729	1.2	3.0	4.2	3.69	0.97	0.34	1.73	1.83	11.6	1	3	107	211
882	559	34.7	4.06	7.97	0.509	0.0	0.01	0.167	2.82	3.98	0.709	2.17	6.08	8.25	3.36	0.73	0.28	2.67	1.76	10.95	1	4	113	201
969	269	24.4	5.56	11.28	0.493	0.31	0.95	0.322	3.5	3.99	0.875	0.89	1.48	2.37	1.88	0.79	0.15	2.29	1.5	14.93	1	2	93	193
22	0	4.6	0.23	1.09	0.208	0.0	0.0	0.0	0.23	0.55	0.417	0.27	0.41	0.68	0.05	0.05	0.32	0.73	0.45	0.68	3	5	109	218
294	93	16.4	2.26	5.6	0.403	0.0	0.04	0.077	1.73	2.59	0.671	0.78	1.84	2.63	0.78	0.31	0.32	1.7	1.31	6.25	6	5	122	208
337	51	13.5	1.18	3.12	0.378	0.3	0.82	0.362	0.58	0.84	0.693	0.25	1.07	1.33	2.6	0.6	0.06	1.07	1.06	3.23	1	2	86	193
567	361	21.2	2.97	6.43	0.462	0.0	0.01	0.0	1.27	1.67	0.76	1.54	3.39	4.93	1.47	0.49	0.97	3.05	1.66	7.21	1	5	135	221
61	0	7.3	0.97	2.89	0.335	0.18	0.72	0.25	1.08	1.36	0.795	0.18	0.56	0.74	0.21	0.2	0.03	0.46	0.57	3.2	4	3	98	196
1000	876	35.0	6.78	14.87	0.456	1.56	3.9	0.4	3.23	3.81	0.846	0.95	3.44	4.39	2.1	0.96	0.27	2.36	1.73	18.34	1	3	103	203
1	0	5.0	0.0	1.0	0.0	0.0	0.0	0.0	0.0	0.0	0.0	0.0	0.0	0.0	0.0	0.0	0.0	2.0	0.0	0.0	5	5	111	211
889	556	28.6	3.2	6.99	0.458	0.12	0.43	0.277	1.19	1.44	0.827	0.6	2.01	2.61	7.57	1.54	0.04	1.78	1.61	7.71	1	1	62	160
16	0	7.0	1.0	2.06	0.485	0.12	0.19	0.667	0.44	0.62	0.7	0.25	1.19	1.44	0.19	0.31	0.0	1.25	0.5	2.56	3	2	95	196
54	1	8.7	0.65	1.74	0.372	0.15	0.59	0.25	0.2	0.52	0.393	0.28	0.65	0.93	1.04	0.35	0.04	0.63	0.59	1.65	4	1	82	193
65	5	6.7	0.65	1.45	0.447	0.0	0.0	0.0	0.23	0.38	0.6	0.4	0.63	1.03	0.12	0.09	0.29	1.35	0.31	1.52	2	5	125	213
63	11	9.6	0.89	2.37	0.376	0.08	0.33	0.238	0.84	1.17	0.716	0.25	0.7	0.95	0.37	0.32	0.19	0.62	0.54	2.7	2	3	86	201
8	0	3.5	0.25	1.0	0.25	0.0	0.0	0.0	0.12	0.25	0.5	0.12	0.62	0.75	0.0	0.12	0.0	0.5	0.25	0.62	1	4	116	206
28	1	11.4	1.5	3.71	0.404	0.25	0.82	0.304	0.61	0.71	0.85	0.89	1.32	2.21	0.36	0.32	0.39	0.79	0.75	3.86	1	4	112	203
4	0	4.2	0.25	1.5	0.167	0.25	0.25	1.0	1.0	1.0	1.0	0.5	0.5	1.0	0.75	0.0	0.0	0.25	0.25	1.75	2	1	75	173
10	0	11.6	0.9	3.1	0.29	0.0	0.4	0.0	0.5	1.0	0.5	0.6	0.7	1.3	0.6	0.5	0.2	1.6	0.3	2.3	1	3	98	198
587	254	16.8	1.9	3.76	0.507	0.0	0.0	0.0	0.99	1.59	0.621	1.75	2.49	4.24	0.58	0.66	0.51	3.05	0.94	4.8	1	5	104	208
604	302	25.4	4.39	10.36	0.423	0.29	0.87	0.335	1.85	2.31	0.803	0.85	1.88	2.74	2.66	1.37	0.33	1.7	1.88	10.92	1	1	86	191
67	1	12.2	1.33	3.6	0.369	0.25	1.03	0.246	0.36	0.49	0.727	0.31	0.75	1.06	2.01	0.43	0.01	1.03	0.7	3.27	4	3	78	178
431	71	16.7	2.01	5.14	0.391	0.8	2.27	0.352	0.68	0.89	0.764	0.48	1.34	1.82	1.16	0.6	0.12	1.68	0.81	5.5	1	2	86	193
591	341	26.7	6.01	13.56	0.443	0.8	2.27	0.354	1.82	2.02	0.903	0.39	1.53	1.92	3.55	0.84	0.08	1.9	1.66	14.64	9	1	73	183
16	0	9.8	0.94	2.31	0.405	0.0	0.0	0.0	0.12	0.38	0.333	0.25	1.75	2.0	0.0	0.06	0.75	1.25	0.38	2.0	2	5	109	211
1051	727	27.9	5.24	10.73	0.488	0.03	0.11	0.277	4.1	5.52	0.741	2.88	5.53	8.41	1.62	1.13	1.22	3.64	2.63	14.6	1	5	127	208
827	709	31.5	3.92	9.19	0.426	0.97	2.75	0.354	2.44	2.97	0.821	0.96	3.13	4.09	3.62	1.88	0.47	2.48	2.08	11.25	1	2	91	198
736	363	25.1	4.26	9.92	0.43	0.72	1.99	0.36	2.02	2.66	0.759	1.27	2.85	4.12	1.33	0.93	0.43	2.0	1.64	11.26	1	3	107	201
756	577	28.3	4.1	8.38	0.49	0.01	0.04	0.214	2.28	3.05	0.746	2.43	5.01	7.44	1.22	0.6	0.74	3.19	1.63	10.49	1	4	115	206
252	92	15.8	2.42	5.53	0.437	0.28	0.8	0.347	1.45	1.76	0.824	0.82	1.35	2.17	0.61	0.4	0.32	1.95	0.92	6.56	8	4	107	206
763	607	30.9	5.07	11.25	0.451	0.27	0.96	0.284	2.55	3.37	0.757	2.09	5.23	7.33	2.8	1.41	0.64	2.47	2.27	12.97	1	4	109	208
