514	120	21.1	3.14	7.03	0.447	0.02	0.11	0.182	1.70	2.43	0.700	1.42	2.93	4.35	0.89	0.69	0.34	2.41	1.03	8.00	8	4	131	206	Glen Davis
52	2	8.3	1.31	3.08	0.425	0.00	0.00	0.000	0.50	0.87	0.578	0.60	1.25	1.85	0.27	0.17	0.35	1.12	0.42	3.12	2	4	104	208	Jermareo Davidson
387	164	19.6	2.17	4.56	0.475	0.45	1.34	0.337	0.75	1.06	0.706	1.13	2.91	4.05	2.08	0.53	0.48	1.94	0.89	5.53	8	4	109	208	Josh McRoberts
135	7	8.2	0.93	1.87	0.496	0.00	0.01	0.000	0.41	0.99	0.410	0.72	1.27	1.99	0.30	0.14	0.39	1.66	0.49	2.26	5	5	127	216	Kyrylo Fesenko
319	86	12.1	1.38	2.71	0.509	0.00	0.01	0.000	0.58	1.04	0.562	1.35	2.38	3.73	0.65	0.29	0.27	2.13	0.83	3.34	7	5	122	213	Aaron Gray
18	0	3.3	0.50	1.78	0.281	0.17	0.83	0.200	0.06	0.11	0.500	0.00	0.39	0.39	0.11	0.00	0.22	0.28	0.22	1.22	2	4	98	203	Demetris Nichols
17	0	4.3	0.41	1.47	0.280	0.12	0.65	0.182	0.65	0.71	0.917	0.00	0.59	0.59	0.65	0.12	0.00	0.29	0.53	1.59	1	1	80	183	Taurean Green
549	542	33.7	5.35	10.57	0.506	0.02	0.12	0.182	3.50	4.58	0.763	2.02	5.85	7.86	3.05	0.91	1.53	3.07	1.98	14.21	7	5	116	216	Marc Gasol
2	0	18.4	1.50	5.50	0.273	0.00	3.00	0.000	2.00	2.00	1.000	3.00	2.50	5.50	0.50	1.00	0.00	1.00	0.00	5.00	2	3	100	201	Derrick Byars
613	584	32.5	4.95	11.26	0.440	1.15	3.08	0.373	2.42	3.00	0.806	0.42	2.42	2.85	5.59	1.53	0.18	2.01	2.04	13.48	8	1	79	185	Mike Conley
593	593	37.9	9.16	19.00	0.482	1.71	4.49	0.380	7.24	8.22	0.881	0.80	6.14	6.94	3.55	1.23	0.99	1.87	3.22	27.28	8	3	109	206	Kevin Durant
188	8	12.7	1.40	3.39	0.413	0.14	0.61	0.235	0.91	1.18	0.778	0.18	0.86	1.04	1.64	0.44	0.02	1.03	0.77	3.86	4	2	92	191	Acie Law
137	29	14.4	1.67	3.27	0.511	0.00	0.01	0.000	0.90	1.44	0.624	1.34	2.11	3.45	0.34	0.34	1.18	2.36	0.88	4.24	4	5	107	208	Sean Williams
445	343	31.1	5.32	12.04	0.442	1.30	3.84	0.339	1.76	2.26	0.777	1.13	4.17	5.29	1.76	0.76	0.70	2.87	1.45	13.70	8	3	102	203	Wilson Chandler
438	96	17.5	2.63	5.65	0.465	0.07	0.24	0.302	1.01	1.28	0.786	1.19	2.37	3.55	0.77	0.35	0.66	2.25	0.87	6.33	8	4	109	213	Jason Smith
600	455	28.2	4.18	9.20	0.454	1.16	3.04	0.382	2.00	2.44	0.819	0.51	2.50	3.02	1.96	0.49	0.20	2.05	1.22	11.52	8	2	98	196	Arron Afflalo
723	538	27.1	4.73	9.68	0.488	0.00	0.03	0.000	1.85	2.50	0.742	2.05	5.65	7.70	1.27	0.45	1.29	2.71	2.13	11.31	1	5	120	213	Chris Kaman
596	582	30.1	4.69	8.81	0.532	0.00	0.04	0.087	1.36	2.43	0.559	2.65	6.45	9.10	2.28	0.67	1.63	3.16	1.80	10.74	1	5	118	213	Andrew Bogut
733	546	28.8	3.74	8.43	0.443	0.67	1.98	0.341	2.23	2.77	0.802	1.26	3.87	5.13	1.29	0.77	0.48	2.13	1.06	10.37	1	3	108	206	Marvin Williams
742	690	35.0	5.96	13.35	0.446	1.40	3.90	0.358	3.62	4.41	0.821	0.44	2.75	3.19	8.40	1.08	0.26	2.56	2.93	16.94	1	1	91	191	Deron Williams
725	725	36.1	6.58	13.90	0.473	1.08	2.97	0.365	4.41	5.12	0.862	0.69	3.66	4.35	9.91	2.34	0.10	2.48	2.41	18.65	1	1	79	183	Chris Paul
726	633	33.1	4.73	11.49	0.412	1.03	3.10	0.331	2.09	2.66	0.785	0.64	2.54	3.18	6.16	1.35	0.21	2.12	2.43	12.58	1	1	93	185	Raymond Felton
580	266	24.0	2.92	7.00	0.418	1.36	3.56	0.382	1.51	1.91	0.791	0.61	2.52	3.12	1.01	0.52	0.28	1.82	0.92	8.72	1	3	104	201	Martell Webster
530	377	29.4	5.45	12.42	0.439	1.18	3.33	0.354	2.59	3.14	0.824	0.99	3.75	4.74	1.21	0.39	0.88	2.49	1.60	14.66	9	4	111	213	Andrea Bargnani
161	28	20.4	2.90	7.78	0.373	0.77	2.33	0.331	0.88	1.24	0.710	0.51	1.61	2.12	1.38	0.25	0.07	1.70	1.07	7.45	4	3	90	203	Adam Morrison
361	104	15.5	1.63	3.53	0.462	0.01	0.02	0.222	1.21	1.63	0.740	1.47	2.86	4.33	0.45	0.50	0.45	2.03	0.84	4.48	6	4	113	206	Shelden Williams
680	642	35.8	7.02	15.56	0.451	1.03	3.02	0.342	3.43	4.31	0.795	1.51	4.35	5.87	2.29	1.32	0.81	2.49	2.43	18.51	9	3	104	203	Rudy Gay
90	3	5.8	0.88	1.78	0.494	0.00	0.03	0.000	0.31	0.53	0.583	0.36	1.06	1.41	0.28	0.20	0.44	1.40	0.47	2.07	4	5	113	213	Patrick O'Bryant
47	3	5.5	0.74	1.74	0.427	0.00	0.00	0.000	0.70	1.19	0.589	0.60	1.00	1.60	0.02	0.09	0.47	0.94	0.32	2.19	3	5	104	213	Saer Sene
111	5	9.4	1.44	3.73	0.386	0.41	1.40	0.290	0.66	0.83	0.793	0.79	1.60	2.40	0.18	0.19	0.20	1.07	0.53	3.95	3	5	105	213	Oleksiy Pecherov
607	371	29.8	4.18	10.03	0.417	1.35	3.84	0.351	3.19	3.99	0.799	0.85	3.12	3.97	5.60	1.32	0.26	2.72	2.10	12.89	9	1	89	185	Kyle Lowry
292	40	11.6	1.19	2.37	0.501	0.01	0.02	0.286	0.63	1.08	0.582	1.00	1.62	2.62	0.35	0.31	0.49	1.86	0.79	3.01	6	5	107	211	Hilton Armstrong
490	30	19.4	2.89	6.82	0.423	1.15	3.07	0.374	0.77	1.04	0.734	0.32	1.58	1.90	2.87	0.76	0.11	1.41	1.38	7.69	8	1	82	188	Jordan Farmar
601	548	32.7	4.57	9.74	0.469	0.25	0.91	0.273	1.53	2.52	0.606	1.12	3.67	4.79	8.47	1.82	0.13	2.26	2.88	10.91	9	1	84	185	Rajon Rondo
225	18	12.4	2.17	4.26	0.509	0.00	0.01	0.500	1.65	2.10	0.786	1.22	1.84	3.06	0.31	0.16	0.29	1.89	0.89	5.99	7	4	113	208	Ike Diogu
67	18	8.7	1.06	2.42	0.438	0.25	0.75	0.340	0.34	0.51	0.676	0.12	0.90	1.01	0.52	0.25	0.09	0.79	0.37	2.72	3	3	98	201	James White
68	0	11.6	0.96	2.60	0.367	0.25	0.78	0.321	0.54	0.63	0.860	0.62	1.19	1.81	0.96	0.37	0.13	1.13	0.59	2.71	2	3	104	198	David Noel
287	219	26.9	2.85	6.44	0.442	0.71	2.01	0.352	1.25	1.68	0.745	1.63	3.86	5.49	1.44	1.09	0.24	2.13	1.07	7.66	4	3	111	198	P.J. Tucker
403	49	16.9	3.03	5.48	0.553	0.00	0.07	0.037	1.58	2.39	0.661	1.35	2.54	3.89	0.80	0.45	0.23	2.37	1.02	7.64	6	4	113	201	Craig Smith
7	0	5.4	0.43	1.43	0.300	0.00	0.00	0.000	0.57	0.86	0.667	0.86	1.00	1.86	0.14	0.00	0.29	0.86	0.14	1.43	1	5	109	218	Kosta Perovic
30	0	5.7	0.63	1.73	0.365	0.20	0.53	0.375	0.23	0.37	0.636	0.37	0.67	1.03	0.20	0.10	0.03	0.73	0.50	1.70	1	4	118	208	Damir Markota
486	67	11.8	1.32	2.27	0.581	0.00	0.00	0.000	1.06	1.62	0.651	0.86	1.31	2.17	0.29	0.18	0.52	2.01	0.75	3.70	9	5	104	213	Ryan Hollins
22	0	5.2	0.41	1.64	0.250	0.00	0.14	0.000	0.18	0.41	0.444	0.59	0.82	1.41	0.05	0.18	0.55	0.68	0.18	1.00	2	5	111	216	Cheickh Samb
665	283	22.4	3.51	7.11	0.494	0.02	0.08	0.204	1.91	2.30	0.828	1.55	3.17	4.72	0.80	0.38	0.65	1.87	1.00	8.94	1	4	113	203	Brandon Bass
179	21	14.9	1.66	4.29	0.388	0.92	2.60	0.353	0.53	0.62	0.847	0.22	1.14	1.36	2.41	0.42	0.05	1.12	0.55	4.77	5	1	79	185	Travis Diener
564	191	22.1	4.13	8.83	0.467	0.09	0.39	0.237	1.77	2.45	0.725	1.85	3.51	5.36	1.41	0.87	0.81	2.45	1.62	10.12	9	4	118	211	Andray Blatche
6	0	1.6	0.00	0.17	0.000	0.00	0.00	0.000	0.00	0.00	0.000	0.17	0.50	0.67	0.00	0.33	0.00	0.17	0.00	0.00	2	5	109	218	Martynas Andriuskevicius
5	0	1.2	0.00	0.60	0.000	0.00	0.00	0.000	0.00	0.00	0.000	0.00	0.20	0.20	0.00	0.00	0.00	0.20	0.60	0.00	1	5	116	216	Mile Ilic
20	0	3.6	0.70	1.30	0.538	0.05	0.10	0.500	0.45	0.65	0.692	0.35	0.35	0.70	0.05	0.05	0.10	0.55	0.45	1.90	1	4	108	211	Uros Slokar
87	18	13.2	1.31	2.90	0.452	0.00	0.05	0.000	1.22	1.77	0.688	1.46	2.10	3.56	0.40	0.51	0.17	1.87	0.47	3.84	2	4	109	203	Lawrence Roberts
614	335	22.6	3.21	5.61	0.572	0.09	0.27	0.329	1.11	1.63	0.682	2.13	3.58	5.71	1.07	0.62	1.09	3.16	1.14	7.62	1	4	113	206	Amir Johnson
23	0	9.2	1.00	2.48	0.404	0.00	0.00	0.000	0.13	0.26	0.500	0.70	1.17	1.87	0.74	0.30	0.35	1.78	0.61	2.13	1	5	118	208	Robert Whaley
16	0	5.8	1.06	2.50	0.425	0.25	0.81	0.308	0.44	0.50	0.875	0.44	0.75	1.19	0.19	0.19	0.06	0.50	0.19	2.81	2	3	88	201	Dijon Thompson
30	0	7.8	1.13	3.07	0.370	0.27	0.83	0.320	0.17	0.33	0.500	0.30	0.67	0.97	0.53	0.20	0.13	0.43	0.37	2.70	2	2	84	196	Alex Acker
281	12	11.0	1.07	2.30	0.467	0.00	0.03	0.111	0.84	1.17	0.717	0.91	1.41	2.33	0.35	0.21	0.55	1.97	0.57	2.99	8	5	104	208	Solomon Jones
1092	1021	36.2	6.54	14.85	0.441	1.60	4.34	0.369	2.39	2.99	0.800	0.91	3.19	4.10	4.19	0.90	0.21	1.84	2.04	17.08	1	2	109	201	Joe Johnson
1052	430	31.0	5.36	13.11	0.409	1.76	5.05	0.349	3.01	3.50	0.860	0.39	2.03	2.42	3.61	0.96	0.22	1.58	1.98	15.50	1	2	91	196	Jamal Crawford
527	410	24.9	4.89	8.98	0.545	0.00	0.00	1.000	3.15	4.91	0.642	1.80	3.37	5.17	0.54	0.29	0.73	2.97	2.23	12.94	1	5	134	213	Eddy Curry
943	786	31.9	6.75	14.28	0.472	0.13	0.49	0.260	3.36	4.40	0.763	3.08	6.37	9.45	1.80	0.77	0.29	2.42	2.13	16.98	1	4	118	206	Zach Randolph
74	2	5.9	0.70	1.65	0.426	0.00	0.00	0.000	0.49	0.89	0.545	0.36	1.04	1.41	0.09	0.18	0.09	1.35	0.41	1.89	4	5	125	211	Randolph Morris
629	335	21.6	1.85	4.34	0.426	0.12	0.46	0.250	0.96	1.65	0.583	1.85	2.22	4.07	1.27	0.69	0.51	2.43	1.07	4.77	1	4	109	211	Jared Jeffries
357	179	13.4	1.82	3.75	0.485	0.00	0.01	0.000	0.67	1.08	0.620	1.10	1.98	3.08	0.33	0.26	1.08	2.77	1.13	4.31	1	5	136	213	Jerome James
215	47	11.3	0.97	2.31	0.419	0.00	0.03	0.143	0.64	1.00	0.642	1.23	1.95	3.18	0.34	0.26	0.60	1.29	0.64	2.58	6	5	111	216	Loren Woods
486	476	32.6	6.95	13.26	0.524	0.00	0.02	0.200	5.11	6.14	0.833	2.54	6.71	9.25	1.58	0.39	1.89	3.28	2.70	19.03	9	5	141	229	Yao Ming
662	459	26.7	5.23	10.54	0.496	0.05	0.16	0.287	2.11	2.84	0.743	1.88	5.11	6.99	1.69	0.66	0.31	2.84	1.59	12.62	8	4	109	206	Luis Scola
644	244	18.3	1.63	3.27	0.498	0.00	0.02	0.000	0.49	0.79	0.620	1.74	3.30	5.04	1.21	0.74	0.37	2.31	0.72	3.74	1	4	109	198	Chuck Hayes
1196	996	30.8	3.49	6.73	0.518	0.00	0.00	0.000	2.84	4.15	0.684	3.18	7.15	10.33	1.04	0.41	2.75	2.83	1.82	9.81	1	5	118	218	Dikembe Mutombo
607	280	22.1	2.50	5.09	0.492	0.00	0.01	0.111	1.64	2.88	0.570	1.79	3.70	5.49	0.91	0.53	0.62	2.28	1.27	6.65	1	5	132	211	Kwame Brown
735	476	20.4	1.25	3.04	0.411	0.01	0.05	0.206	1.06	1.64	0.647	1.24	2.44	3.68	0.85	0.50	0.49	2.80	0.82	3.57	1	5	116	213	Jason Collins
456	37	14.2	1.46	3.57	0.408	0.53	1.43	0.372	1.18	1.37	0.861	0.63	1.68	2.30	1.02	0.65	0.15	1.95	0.72	4.62	1	4	111	203	Brian Cardinal
287	14	18.5	1.66	4.22	0.393	0.73	2.07	0.352	1.14	1.48	0.769	0.41	1.39	1.80	1.06	0.42	0.08	1.30	0.73	5.18	4	2	97	198	Casey Jacobsen
82	30	25.8	3.76	9.34	0.402	1.90	5.27	0.361	1.51	1.78	0.849	0.41	2.15	2.56	2.16	0.59	0.01	1.15	1.63	10.93	1	2	77	191	Juan Carlos Navarro
618	188	18.4	2.26	4.57	0.495	0.00	0.01	0.000	1.11	1.96	0.564	1.70	2.47	4.17	0.43	0.37	0.79	1.94	0.79	5.63	1	4	118	201	Jason Maxiell
427	115	23.2	3.27	7.88	0.415	0.92	2.58	0.356	0.86	1.08	0.798	0.57	2.54	3.11	1.07	0.73	0.13	2.00	0.88	8.32	7	3	100	198	Jarvis Hayes
921	783	32.1	6.48	14.43	0.449	0.58	1.66	0.346	3.52	4.13	0.852	0.86	2.23	3.10	3.39	0.78	0.14	2.53	2.15	17.06	1	2	88	201	Richard Hamilton
810	533	25.3	2.72	5.50	0.496	0.00	0.00	0.000	1.72	2.43	0.710	1.90	3.77	5.67	0.57	0.49	2.43	2.82	1.24	7.17	1	5	107	208	Theo Ratliff
744	269	27.4	5.28	12.22	0.432	1.57	3.93	0.401	2.76	3.22	0.857	0.45	2.04	2.49	2.51	0.68	0.15	2.31	2.08	14.90	1	2	91	191	Ben Gordon
824	542	22.3	2.72	6.69	0.406	0.67	1.96	0.340	1.10	1.57	0.698	0.50	1.73	2.22	1.64	0.51	0.16	1.38	0.99	7.20	1	2	99	196	DeShawn Stevenson
816	549	22.9	2.59	4.90	0.528	0.00	0.00	0.000	1.62	2.75	0.587	2.55	3.42	5.97	0.54	0.39	1.36	2.50	1.04	6.79	1	5	119	213	Brendan Haywood
873	732	32.4	5.25	12.10	0.434	0.85	2.44	0.349	2.84	3.36	0.847	1.26	3.75	5.01	2.29	1.33	0.25	2.42	1.82	14.19	1	3	103	201	Caron Butler
409	75	17.3	2.18	4.24	0.513	0.00	0.00	0.000	1.37	2.27	0.603	1.66	3.06	4.71	0.36	0.31	1.04	2.17	0.94	5.72	1	5	116	206	Etan Thomas
495	79	18.6	2.93	5.87	0.499	0.01	0.04	0.158	1.04	1.23	0.844	1.12	2.29	3.41	1.19	0.65	0.21	2.42	0.98	6.90	8	4	112	203	Darius Songaila
518	103	17.7	2.31	5.66	0.408	1.15	2.99	0.383	0.58	0.68	0.866	0.15	1.58	1.73	1.31	0.36	0.14	1.37	0.71	6.35	1	2	93	196	Roger Mason
450	93	14.3	1.50	3.07	0.487	0.00	0.01	0.333	1.04	1.45	0.714	1.25	2.17	3.42	0.53	0.33	0.37	2.59	0.76	4.03	9	5	111	211	Jake Voskuhl
548	131	23.6	4.32	10.25	0.422	1.30	3.47	0.375	2.18	2.61	0.834	0.38	1.64	2.02	1.04	0.56	0.20	1.92	1.13	12.13	8	2	95	201	Nick Young
189	33	14.2	1.98	3.74	0.530	0.00	0.00	0.000	1.06	2.03	0.525	0.97	1.93	2.90	0.25	0.34	0.98	2.85	1.14	5.02	4	5	115	213	David Harrison
487	92	22.7	3.71	8.95	0.414	0.67	2.22	0.304	1.80	2.48	0.725	0.39	1.67	2.07	2.25	0.83	0.21	1.63	1.52	9.89	8	2	91	191	Flip Murray
547	404	26.4	3.22	8.19	0.393	0.73	2.42	0.299	1.35	1.88	0.716	0.63	2.30	2.93	6.09	1.42	0.28	2.39	2.51	8.50	1	1	85	191	Jamaal Tinsley
548	146	21.4	3.23	7.18	0.451	0.19	0.80	0.235	1.23	1.70	0.721	0.95	1.88	2.83	1.76	0.93	0.25	1.61	1.18	7.88	1	3	91	198	Marquis Daniels
764	345	20.6	1.93	3.88	0.497	0.01	0.07	0.130	1.04	1.70	0.615	2.75	4.12	6.87	0.92	0.66	0.40	2.51	0.80	4.90	1	5	107	211	Jeff Foster
465	127	19.4	2.52	6.29	0.401	0.65	1.91	0.338	1.51	1.95	0.776	0.72	2.05	2.77	1.46	0.57	0.12	1.61	1.09	7.21	8	3	100	196	Devin Brown
3	0	3.4	0.33	1.33	0.250	0.00	0.00	0.000	0.33	0.67	0.500	0.00	0.33	0.33	0.00	0.00	0.00	0.33	0.00	1.00	1	5	113	211	Lance Allred
582	208	25.2	3.03	5.92	0.513	0.00	0.07	0.024	1.58	2.51	0.631	2.53	5.04	7.57	1.20	0.90	0.68	2.69	0.98	7.65	1	5	121	211	Anderson Varejao
82	0	7.8	0.40	0.79	0.508	0.00	0.01	0.000	0.50	1.01	0.494	1.05	1.28	2.33	0.15	0.13	0.35	1.37	0.32	1.30	6	5	112	211	Dwayne Jones
395	49	15.7	1.71	3.27	0.524	0.00	0.02	0.000	1.17	1.97	0.594	1.38	2.64	4.02	0.37	0.48	0.69	2.49	0.85	4.59	8	5	113	211	Ian Mahinmi
891	349	26.5	4.61	10.24	0.450	1.46	3.98	0.368	3.53	4.26	0.827	0.70	3.03	3.74	4.00	1.38	0.31	2.14	2.09	14.21	1	2	93	198	Manu Ginobili
1107	481	24.5	2.55	6.00	0.425	0.72	2.10	0.341	1.16	1.59	0.726	1.49	3.27	4.76	2.12	1.05	0.93	2.42	1.24	6.97	1	4	100	206	Robert Horry
1229	951	33.0	6.97	15.88	0.439	1.54	4.12	0.373	3.75	4.69	0.799	1.24	3.48	4.72	3.52	1.08	0.62	2.79	1.95	19.23	1	3	100	198	Vince Carter
1035	794	30.7	4.75	10.22	0.464	0.91	2.40	0.379	3.32	4.32	0.769	0.85	3.42	4.26	2.21	0.72	0.32	2.32	1.63	13.73	1	3	104	201	Richard Jefferson
419	373	25.2	4.11	8.34	0.494	0.00	0.03	0.143	1.81	2.48	0.730	1.84	3.55	5.40	0.83	0.39	0.68	2.99	1.19	10.05	7	5	116	208	Nenad Krstic
840	337	23.7	3.17	7.75	0.409	1.10	3.29	0.334	1.74	2.00	0.871	0.78	1.92	2.70	4.04	1.35	0.12	1.66	1.85	9.18	1	1	77	183	Darrell Armstrong
601	93	14.0	0.84	1.96	0.427	0.00	0.01	0.167	0.30	0.63	0.467	1.39	2.30	3.69	0.45	0.38	1.05	2.03	0.59	1.97	1	5	127	213	DeSagana Diop
830	494	26.1	3.53	8.20	0.431	0.70	2.02	0.349	1.55	1.80	0.862	0.44	1.82	2.26	4.47	0.98	0.19	2.14	1.62	9.33	1	1	79	188	Luke Ridnour
473	139	15.4	2.06	4.47	0.462	0.00	0.03	0.154	0.52	0.77	0.678	1.13	2.75	3.88	0.48	0.41	0.49	2.45	0.79	4.66	8	5	112	213	Johan Petro
878	228	22.2	2.41	5.85	0.411	0.57	1.77	0.324	0.99	1.40	0.703	0.53	1.73	2.26	4.41	0.99	0.20	2.00	1.76	6.37	1	1	90	185	Earl Watson
97	34	15.4	1.77	3.51	0.506	0.00	0.00	0.000	0.74	1.22	0.610	1.26	2.62	3.88	0.21	0.27	0.89	2.31	0.73	4.29	5	5	111	213	Robert Swift
1208	900	30.3	5.42	11.55	0.469	0.00	0.04	0.120	2.54	3.32	0.764	1.94	4.21	6.15	2.20	0.68	0.26	2.89	2.04	13.38	1	4	109	206	Juwan Howard
987	771	24.3	2.82	5.67	0.498	0.00	0.02	0.125	1.76	2.82	0.626	2.76	4.34	7.10	0.83	0.33	1.42	2.91	1.45	7.41	1	5	120	211	Erick Dampier
1391	1350	36.0	4.47	11.18	0.400	1.43	4.10	0.349	2.23	2.84	0.785	1.27	5.00	6.27	8.69	1.93	0.32	1.85	2.87	12.60	1	1	95	193	Jason Kidd
970	564	31.2	5.55	13.59	0.409	1.02	3.30	0.309	4.79	5.83	0.822	0.95	2.21	3.16	3.34	0.90	0.45	1.87	2.72	16.92	1	3	99	198	Jerry Stackhouse
680	313	21.5	2.59	5.40	0.480	0.00	0.01	0.000	2.05	3.20	0.639	2.08	4.40	6.48	0.57	0.33	0.89	2.63	1.47	7.23	1	5	117	211	Jamaal Magloire
1294	1263	35.4	7.79	16.38	0.476	1.25	3.27	0.383	5.29	6.02	0.879	1.07	6.85	7.92	2.58	0.84	0.89	2.44	1.79	22.12	1	4	111	213	Dirk Nowitzki
45	1	5.4	0.73	2.20	0.333	0.33	0.87	0.385	0.11	0.18	0.625	0.07	0.49	0.56	0.11	0.09	0.00	0.47	0.22	1.91	3	3	84	201	Jeremy Richardson
391	70	26.7	3.43	6.58	0.522	0.25	0.77	0.329	1.95	2.51	0.779	1.87	2.86	4.73	1.56	0.87	0.47	1.85	1.12	9.07	8	3	95	203	Josh Childress
845	347	21.3	2.47	5.36	0.461	0.00	0.03	0.000	2.16	2.89	0.746	2.24	3.58	5.82	1.21	0.71	0.36	2.60	1.38	7.11	1	5	125	211	Zaza Pachulia
865	766	33.0	5.81	12.78	0.454	0.49	1.72	0.286	2.72	4.30	0.633	1.96	5.64	7.60	3.17	1.23	1.97	2.77	2.49	14.83	1	4	102	206	Josh Smith
119	25	15.7	2.72	5.95	0.458	0.03	0.11	0.231	1.43	1.92	0.746	1.30	2.74	4.04	0.97	0.45	0.39	1.98	1.13	6.90	5	4	121	206	Sean May
1000	354	15.9	2.40	4.93	0.486	0.00	0.01	0.000	1.02	1.60	0.639	1.81	2.90	4.70	0.38	0.43	0.64	2.15	0.92	5.82	1	5	113	208	Nazr Mohammed
143	58	16.4	1.76	3.97	0.443	0.10	0.34	0.292	0.89	1.35	0.658	1.17	2.27	3.44	0.99	0.60	0.34	2.47	0.97	4.50	4	4	100	201	Viktor Khryapa
186	9	10.9	0.96	2.67	0.361	0.34	1.06	0.320	0.81	0.95	0.847	0.15	0.96	1.11	1.17	0.56	0.08	1.12	0.75	3.07	8	1	86	183	Eddie Gill
413	64	19.8	2.04	4.99	0.409	1.02	2.87	0.354	0.96	1.23	0.778	0.89	2.67	3.56	0.89	0.38	0.32	1.69	0.62	6.05	8	4	109	203	Anthony Tolliver
18	0	8.1	1.17	2.67	0.438	0.22	0.67	0.333	0.39	0.72	0.538	0.22	0.89	1.11	0.83	0.28	0.00	0.89	0.78	2.94	1	1	89	188	Darius Washington
12	0	11.3	1.58	5.00	0.317	0.42	1.92	0.217	0.67	1.00	0.667	0.33	1.00	1.33	0.67	0.25	0.17	0.67	0.50	4.25	1	2	83	188	Robert Hite
587	159	21.7	2.43	4.84	0.502	0.00	0.04	0.038	1.73	2.68	0.645	2.47	3.91	6.38	0.81	1.05	0.22	2.09	1.00	6.58	9	4	93	206	Jerome Williams
579	165	17.4	2.12	5.37	0.395	0.95	2.64	0.361	1.26	1.45	0.875	0.17	1.24	1.41	2.79	0.61	0.06	1.70	1.07	6.46	1	1	76	183	Chris Whitney
1424	892	26.9	4.98	10.23	0.487	0.03	0.13	0.211	2.12	2.98	0.713	2.90	5.46	8.36	0.93	0.67	0.52	2.93	1.77	12.12	2	5	111	213	Kevin Willis
1380	839	30.8	5.35	12.23	0.438	0.91	2.55	0.356	2.58	3.74	0.689	1.34	3.23	4.57	2.24	1.02	1.01	3.03	1.81	14.19	1	4	102	208	Cliff Robinson
151	9	12.1	1.38	3.01	0.459	0.00	0.01	0.000	0.39	0.54	0.728	1.26	2.17	3.43	0.43	0.21	0.37	1.69	0.49	3.16	3	4	116	211	Joel Freeland
69	2	12.3	1.99	3.68	0.539	0.00	0.00	0.000	1.00	1.29	0.775	1.06	1.91	2.97	0.43	0.29	0.45	2.07	1.06	4.97	3	5	113	208	Jackie Butler
49	1	9.3	1.37	2.39	0.573	0.00	0.02	0.000	0.63	1.82	0.348	1.45	1.90	3.35	0.04	0.20	0.43	1.39	0.39	3.37	2	5	118	208	Justin Williams
418	319	25.6	4.59	8.24	0.556	0.00	0.02	0.111	2.36	3.42	0.690	2.41	5.30	7.71	1.17	0.32	1.57	2.46	1.54	11.54	9	5	129	213	Andrew Bynum
237	8	12.3	1.91	4.98	0.384	0.69	2.00	0.345	0.32	0.42	0.768	0.24	0.76	1.00	1.52	0.36	0.01	0.82	0.54	4.83	8	1	75	180	John Lucas
23	1	4.2	0.48	1.09	0.440	0.00	0.00	0.000	0.26	0.52	0.500	0.30	0.35	0.65	0.78	0.26	0.00	0.57	0.48	1.22	2	3	95	201	Julius Hodge
600	361	23.6	3.75	8.19	0.458	0.52	1.48	0.353	0.99	1.42	0.703	1.53	4.40	5.93	1.89	0.40	1.00	2.63	1.49	9.02	8	5	111	216	Spencer Hawes
249	10	24.0	2.97	7.44	0.399	1.66	4.61	0.360	1.45	1.73	0.840	0.51	1.93	2.44	2.22	1.00	0.16	1.48	1.15	9.05	4	2	84	198	Rudy Fernandez
835	834	35.5	6.41	11.06	0.580	0.01	0.06	0.102	5.14	9.00	0.571	3.54	9.17	12.71	1.51	0.99	2.10	3.31	3.07	17.97	1	5	120	211	Dwight Howard
139	75	11.4	1.12	2.77	0.405	0.01	0.03	0.250	0.55	0.81	0.679	0.89	1.95	2.84	0.29	0.37	0.12	2.16	0.80	2.80	3	5	127	211	Babby Araujo
864	758	35.8	4.90	10.62	0.462	0.95	2.84	0.335	2.99	4.18	0.716	1.01	4.43	5.44	4.65	1.67	0.48	1.92	2.18	13.74	1	3	94	198	Andre Iguodala
72	3	10.0	1.17	3.26	0.357	0.44	1.24	0.360	0.72	0.99	0.732	0.38	0.86	1.24	0.81	0.33	0.04	0.99	0.68	3.50	4	3	98	201	Luke Jackson
516	311	21.6	2.78	4.67	0.594	0.00	0.00	0.000	0.74	1.48	0.500	2.31	4.73	7.04	0.91	0.64	1.12	3.15	0.93	6.29	1	5	113	213	Andris Biedrins
564	193	21.5	2.73	7.01	0.390	0.64	2.01	0.319	1.31	1.68	0.777	0.27	1.33	1.59	3.48	0.73	0.13	2.12	1.52	7.42	1	1	77	183	Sebastian Telfair
714	196	18.4	2.69	5.76	0.468	0.03	0.12	0.282	1.44	2.08	0.694	1.81	3.78	5.59	0.71	0.42	0.59	1.86	0.90	6.87	1	4	107	206	Kris Humphries
786	242	26.6	4.74	11.21	0.423	1.94	5.21	0.371	1.74	2.37	0.735	0.54	2.71	3.25	2.25	1.01	0.22	2.29	1.47	13.15	1	2	102	198	J.R. Smith
6	0	4.7	0.00	0.33	0.000	0.00	0.00	0.000	0.67	1.33	0.500	0.00	1.50	1.50	0.00	0.00	0.17	0.67	0.67	0.67	2	5	118	226	Pavel Podkolzin
690	341	21.5	3.07	6.46	0.476	0.14	0.51	0.269	1.72	2.40	0.719	1.11	2.14	3.26	1.34	1.40	0.43	2.34	1.37	8.01	1	2	97	193	Tony Allen
685	503	30.8	5.53	12.62	0.438	1.64	4.24	0.385	5.11	5.87	0.870	0.57	2.68	3.25	1.94	0.92	0.11	1.93	1.71	17.80	1	2	90	201	Kevin Martin
745	444	28.1	3.68	8.61	0.427	1.11	3.21	0.346	1.65	2.33	0.710	1.11	3.66	4.77	2.08	1.45	0.33	2.04	1.46	10.12	1	3	98	203	Trevor Ariza
46	4	6.9	0.61	1.17	0.519	0.00	0.00	0.000	0.30	0.61	0.500	0.43	1.02	1.46	0.07	0.09	0.28	1.35	0.57	1.52	2	5	138	221	Ha Seung-Jin
31	0	8.8	0.74	2.32	0.319	0.16	0.94	0.172	1.10	1.35	0.810	0.16	0.55	0.71	0.90	0.23	0.03	1.06	0.94	2.74	1	2	95	193	Vassilis Spanoulis
6	0	3.3	0.83	1.67	0.500	0.00	0.00	0.000	0.17	0.33	0.500	0.17	0.50	0.67	0.00	0.00	0.17	0.67	0.50	1.83	2	5	125	221	Peter John Ramos
83	23	13.4	1.16	2.75	0.421	0.00	0.01	0.000	0.80	1.07	0.742	1.19	2.16	3.35	0.77	0.17	0.55	2.41	0.84	3.11	3	5	109	213	Curtis Borchardt
35	0	4.1	0.57	1.69	0.339	0.11	0.23	0.500	0.23	0.26	0.889	0.29	0.46	0.74	0.20	0.17	0.06	0.60	0.11	1.49	1	5	118	211	Efthimios Rentzias
233	73	15.5	2.42	5.00	0.485	0.00	0.01	0.000	1.67	2.42	0.689	1.72	2.77	4.48	0.62	0.31	0.46	2.44	1.19	6.51	4	4	125	203	Mike Sweetney
507	170	22.8	2.90	7.24	0.401	1.34	3.66	0.365	0.97	1.28	0.758	0.57	3.01	3.58	1.75	0.91	0.17	1.63	1.00	8.12	9	2	104	198	Carlos Delfino
429	306	27.7	4.26	9.84	0.433	0.30	1.02	0.289	2.36	2.90	0.815	0.69	2.41	3.10	5.82	1.16	0.13	2.27	2.44	11.18	9	1	75	183	T.J. Ford
759	601	28.8	4.69	8.63	0.544	0.01	0.05	0.108	2.97	4.43	0.669	1.92	4.73	6.65	1.99	1.18	0.83	3.22	1.98	12.35	1	5	113	211	Maybyner Nene
809	800	36.0	8.64	17.67	0.489	0.48	1.66	0.288	6.14	8.01	0.766	1.26	3.60	4.86	5.84	1.69	0.90	2.35	3.39	23.90	1	2	100	193	Dwyane Wade
869	857	35.8	6.94	14.05	0.494	0.31	0.93	0.333	5.03	6.29	0.800	2.19	6.37	8.56	2.00	0.83	1.06	2.42	2.03	19.23	1	4	107	211	Chris Bosh
847	727	31.2	6.13	12.50	0.490	0.06	0.23	0.251	2.87	3.50	0.818	1.92	5.12	7.04	2.23	0.77	0.81	2.48	1.73	15.18	1	4	109	206	David West
947	527	28.2	3.74	7.57	0.494	0.47	1.37	0.341	1.05	1.46	0.714	1.25	3.34	4.59	3.61	0.65	0.52	2.25	1.85	9.00	1	4	113	203	Boris Diaw
421	74	13.4	2.17	4.95	0.439	0.62	1.63	0.382	0.52	0.67	0.783	0.73	1.92	2.65	0.60	0.32	0.32	1.87	0.60	5.49	9	4	106	206	Brian Cook
751	562	22.2	2.23	4.20	0.531	0.00	0.02	0.000	1.06	1.77	0.596	1.71	4.17	5.88	1.04	0.33	1.19	2.77	1.59	5.52	1	5	122	208	Kendrick Perkins
508	87	17.9	2.63	5.96	0.442	0.90	2.07	0.434	0.53	0.63	0.835	0.32	1.34	1.66	0.82	0.35	0.05	1.53	0.64	6.69	9	3	97	203	Jason Kapono
2	0	2.5	0.50	1.50	0.333	0.00	0.00	0.000	0.00	0.00	0.000	0.00	0.50	0.50	0.00	0.00	0.00	0.00	0.00	1.00	2	4	108	208	Jerome Beasley
1	0	3.0	0.00	1.00	0.000	0.00	0.00	0.000	0.00	0.00	0.000	0.00	0.00	0.00	0.00	0.00	0.00	1.00	0.00	0.00	1	5	128	229	Slavko Vranes
731	297	20.2	3.31	7.77	0.425	0.71	2.04	0.346	0.97	1.27	0.765	0.33	1.45	1.78	1.39	0.54	0.15	1.72	0.96	8.29	1	2	91	191	Willie Green
11	0	5.0	0.36	0.82	0.444	0.00	0.00	0.000	0.27	0.45	0.600	0.45	0.55	1.00	0.18	0.00	0.27	1.27	0.18	1.00	4	5	129	208	James Lang
638	91	16.5	1.77	4.47	0.397	1.14	2.87	0.398	0.79	0.94	0.844	0.34	1.57	1.91	0.54	0.34	0.32	1.37	0.34	5.48	1	3	98	203	James Jones
914	346	26.4	3.45	7.79	0.443	1.96	4.53	0.432	1.18	1.34	0.881	0.32	2.81	3.13	1.83	0.71	0.34	2.19	1.10	10.04	1	3	96	201	Kyle Korver
67	12	9.4	1.34	2.82	0.476	0.00	0.04	0.000	0.60	1.22	0.488	1.12	1.67	2.79	0.33	0.25	0.12	1.22	0.66	3.28	2	5	118	201	Brandon Hunter
13	4	6.2	0.62	1.31	0.471	0.00	0.00	0.000	0.08	0.15	0.500	0.15	0.46	0.62	0.08	0.00	0.00	1.46	0.69	1.31	1	5	111	213	Andreas Glyniadakis
861	776	31.2	6.79	13.03	0.521	0.00	0.02	0.071	2.65	3.67	0.722	2.37	7.15	9.51	2.24	0.89	0.41	3.03	2.12	16.23	1	4	121	206	Carlos Boozer
73	0	7.8	1.07	2.29	0.467	0.00	0.01	0.000	0.58	0.90	0.636	1.04	1.53	2.58	0.15	0.14	0.22	2.12	0.56	2.71	2	5	118	208	Mario Kasun
162	5	11.6	1.52	3.27	0.466	0.01	0.03	0.200	0.88	1.33	0.657	1.10	1.85	2.94	0.25	0.23	0.36	2.00	0.67	3.93	4	4	118	203	Lonny Baxter
1	0	6.0	2.00	3.00	0.667	0.00	0.00	0.000	0.00	0.00	0.000	1.00	0.00	1.00	0.00	0.00	0.00	0.00	1.00	4.00	1	3	111	201	Chris Owens
10	0	11.0	1.00	3.10	0.323	0.00	0.00	0.000	0.70	1.20	0.583	1.20	1.30	2.50	0.30	0.30	0.40	1.90	0.20	2.70	2	4	125	206	Corsley Edwards
44	4	7.4	0.34	1.20	0.283	0.00	0.00	0.000	0.48	1.07	0.447	0.61	0.95	1.57	0.36	0.32	0.14	1.34	0.39	1.16	2	4	113	211	Robert Archibald
113	26	18.9	2.48	5.77	0.429	0.40	1.15	0.346	1.13	1.33	0.853	0.27	1.44	1.72	3.79	0.74	0.04	2.46	1.96	6.49	3	1	79	183	Raul Lopez
886	694	24.4	3.17	6.09	0.521	0.00	0.01	0.083	1.35	1.91	0.706	2.58	5.25	7.84	0.52	0.49	1.74	2.94	1.43	7.69	1	5	113	211	Samuel Dalembert
108	0	6.5	0.94	2.66	0.352	0.23	0.69	0.333	0.11	0.19	0.600	0.20	0.38	0.58	0.22	0.20	0.04	0.77	0.34	2.21	4	2	84	196	Brandon Armstrong
82	4	12.9	0.82	2.70	0.303	0.16	0.54	0.295	0.70	1.01	0.687	0.82	1.51	2.33	0.82	0.59	0.15	1.15	0.50	2.49	3	2	91	198	Jeryl Sasser
25	0	5.0	0.44	1.88	0.234	0.00	0.24	0.000	0.32	0.40	0.800	0.20	0.48	0.68	0.68	0.24	0.00	0.28	0.52	1.20	3	2	88	193	Joseph Forte
27	0	5.0	0.48	2.07	0.232	0.00	0.22	0.000	0.22	0.44	0.500	0.19	0.81	1.00	0.30	0.00	0.22	0.70	0.37	1.19	4	4	110	206	Kirk Haston
737	211	21.9	2.91	7.02	0.415	1.32	3.48	0.378	0.83	1.09	0.758	0.89	2.89	3.78	1.35	0.73	0.36	2.11	1.13	7.98	1	4	107	208	Vladimir Radmanovic
943	741	28.6	3.25	5.51	0.590	0.00	0.01	0.000	2.24	3.47	0.646	3.18	6.08	9.26	0.83	0.57	1.30	2.96	1.50	8.74	1	5	109	216	Tyson Chandler
27	4	9.9	1.19	3.33	0.356	0.15	0.56	0.267	0.33	0.37	0.900	0.19	0.59	0.78	1.48	0.70	0.04	1.11	0.63	2.85	3	1	80	185	Erick Barkley
341	214	18.2	2.97	5.96	0.498	0.00	0.02	0.167	1.25	1.79	0.701	1.65	2.24	3.89	0.52	0.20	0.39	2.14	0.80	7.19	8	5	114	218	Primoz Brezec
315	168	15.9	1.84	3.76	0.490	0.00	0.00	0.000	1.07	1.63	0.657	1.38	2.54	3.93	0.32	0.23	0.71	2.19	0.85	4.75	7	5	129	218	Jake Tsakalidis
95	1	10.2	1.02	2.83	0.361	0.00	0.02	0.000	0.60	1.07	0.559	0.88	1.62	2.51	0.39	0.31	0.45	1.72	0.76	2.64	3	5	116	216	Dalibor Bagaric
592	395	19.8	1.51	2.74	0.552	0.00	0.01	0.000	0.85	1.52	0.557	1.88	4.31	6.19	0.43	0.27	1.41	2.71	0.97	3.87	1	5	111	216	Joel Przybilla
436	256	20.1	2.87	6.26	0.459	0.01	0.03	0.231	1.73	2.45	0.704	1.98	3.30	5.28	0.51	0.29	1.02	2.90	1.23	7.48	9	5	120	213	Chris Mihm
187	58	21.7	3.50	8.30	0.422	0.22	0.65	0.339	1.81	2.23	0.813	0.66	1.52	2.19	1.21	0.59	0.10	2.02	1.09	9.04	5	2	93	196	Courtney Alexander
69	9	12.4	1.23	2.88	0.427	0.00	0.01	0.000	1.33	1.81	0.736	1.28	1.99	3.26	0.12	0.25	0.93	2.12	0.58	3.80	5	5	116	213	Mamadou N'Diaye
948	836	32.7	4.87	11.71	0.416	1.20	3.50	0.342	2.68	3.74	0.716	1.21	3.42	4.62	2.75	1.79	0.55	2.67	1.87	13.62	1	3	118	201	Metta World Peace
961	684	33.4	5.01	10.81	0.463	0.69	2.21	0.312	2.60	3.75	0.693	1.89	6.49	8.39	3.70	0.88	0.93	3.03	2.34	13.30	1	4	104	208	Lamar Odom
1041	867	33.3	6.31	12.60	0.501	0.00	0.02	0.100	3.48	4.73	0.736	3.16	5.46	8.62	2.08	0.90	1.75	2.96	1.97	16.10	1	4	115	206	Elton Brand
1280	935	31.2	4.69	10.19	0.460	0.15	0.69	0.218	3.12	3.87	0.807	1.07	2.65	3.72	6.62	1.20	0.18	2.24	2.42	12.65	1	1	91	191	Andre Miller
15	6	10.1	0.53	1.73	0.308	0.00	0.00	0.000	0.67	1.07	0.625	0.73	1.67	2.40	0.47	0.13	0.20	2.47	1.33	1.73	4	5	113	221	Alek Radojevic
142	1	8.5	0.96	2.92	0.330	0.28	1.11	0.255	0.46	0.64	0.714	0.12	0.54	0.65	1.40	0.24	0.04	0.88	0.75	2.67	4	1	89	188	William Avery
797	546	30.0	3.95	8.33	0.474	0.46	1.49	0.310	3.48	4.61	0.754	1.76	3.70	5.46	2.72	1.38	1.83	2.01	1.90	11.83	1	4	107	206	Andrei Kirilenko
142	0	9.7	1.15	2.84	0.404	0.01	0.08	0.182	0.68	0.88	0.768	0.63	1.28	1.92	0.20	0.30	0.32	1.09	0.30	2.99	3	4	111	208	Cal Bowdler
159	20	11.7	1.46	3.67	0.397	0.23	0.70	0.333	0.42	0.58	0.710	0.45	0.87	1.32	0.60	0.37	0.23	2.11	0.62	3.57	4	3	98	201	Quincy Lewis
199	23	19.1	2.62	6.83	0.383	0.55	1.71	0.321	1.16	1.59	0.726	0.59	1.28	1.87	2.68	0.88	0.16	1.94	1.30	6.94	4	1	86	193	Vonteego Cummings
471	116	20.8	2.75	6.48	0.424	0.90	2.59	0.349	0.66	0.94	0.704	1.17	3.05	4.22	0.87	0.65	0.31	1.85	0.82	7.06	8	3	99	203	Jumaine Jones
15	0	6.9	0.73	1.87	0.393	0.00	0.00	0.000	0.73	1.13	0.647	0.73	1.47	2.20	0.20	0.33	0.07	0.87	0.20	2.20	5	4	107	208	Leon Smith
500	393	26.3	3.58	8.22	0.435	0.00	0.00	0.000	1.12	1.87	0.597	1.90	4.93	6.83	0.65	0.45	1.39	3.04	1.80	8.27	9	5	122	213	Michael Olowokandi
1279	1242	35.1	6.68	14.96	0.446	1.62	4.39	0.370	5.38	6.67	0.806	0.85	4.91	5.76	3.64	1.35	0.57	2.75	2.72	20.35	1	3	107	201	Paul Pierce
587	84	15.0	2.12	4.83	0.439	0.00	0.01	0.125	0.66	0.84	0.791	0.99	2.34	3.33	0.58	0.34	0.36	2.24	0.64	4.91	1	5	119	211	Michael Doleac
353	64	22.6	3.34	6.68	0.500	0.00	0.05	0.053	1.48	2.30	0.645	1.86	4.08	5.94	0.91	0.52	1.62	2.87	1.33	8.16	6	5	100	211	Keon Clark
212	206	35.3	5.75	13.32	0.432	1.36	3.38	0.402	2.50	3.19	0.784	0.84	2.03	2.87	2.60	1.00	0.40	2.60	1.92	15.36	6	2	86	196	Michael Dickerson
243	46	16.3	1.72	4.51	0.382	0.62	1.66	0.371	0.38	0.46	0.830	0.23	0.98	1.21	2.16	0.51	0.04	1.20	0.86	4.45	6	2	84	188	Bryce Drew
811	593	22.2	3.17	6.31	0.502	0.00	0.02	0.077	0.47	0.80	0.585	1.87	3.24	5.11	1.03	0.41	1.15	2.70	0.92	6.81	1	5	116	213	Rasho Nesterovic
249	80	16.6	2.21	5.12	0.432	0.19	0.59	0.327	1.20	1.83	0.659	0.85	1.57	2.43	1.01	0.65	0.25	1.81	1.02	5.82	6	3	90	196	Felipe Lopez
153	16	14.3	2.07	5.31	0.390	0.37	1.29	0.289	0.94	1.44	0.652	0.55	1.14	1.69	0.93	0.46	0.31	2.07	1.07	5.46	6	2	91	198	Corey Benjamin
837	428	21.1	2.56	5.24	0.488	0.01	0.09	0.162	0.94	1.36	0.690	1.64	3.48	5.12	0.62	0.50	0.85	2.63	0.84	6.07	1	4	104	211	Tony Battie
432	278	31.0	5.76	13.43	0.429	0.14	0.56	0.250	1.97	2.44	0.808	0.89	2.22	3.11	2.13	1.06	0.26	2.04	1.58	13.64	8	2	95	201	Ron Mercer
733	269	17.8	1.80	3.77	0.477	0.00	0.00	0.000	0.48	0.96	0.499	1.77	2.95	4.72	0.47	0.36	1.62	2.15	0.81	4.08	1	5	113	208	Adonal Foyle
236	145	20.4	3.05	7.31	0.417	0.08	0.32	0.237	1.58	2.24	0.703	1.21	2.08	3.29	1.13	0.78	0.36	2.06	1.31	7.75	8	3	101	198	Tariq Abdul-Wahad
541	246	19.6	2.08	4.10	0.507	0.00	0.02	0.077	1.32	2.05	0.644	1.63	3.68	5.31	0.45	0.54	1.27	2.49	0.83	5.47	1	5	116	211	Kelvin Cato
155	23	13.9	1.95	4.74	0.413	0.03	0.19	0.138	1.31	1.74	0.755	1.15	2.30	3.45	0.82	0.50	0.42	2.41	0.95	5.25	3	5	115	213	Chris Anstey
60	6	13.5	2.17	6.40	0.339	0.50	1.47	0.341	1.38	1.70	0.814	0.27	0.95	1.22	0.77	0.45	0.20	1.72	0.98	6.22	3	2	95	191	Ed Gray
16	0	6.9	0.81	1.81	0.448	0.00	0.00	0.000	0.19	0.50	0.375	0.50	0.62	1.12	0.19	0.12	0.06	1.31	0.56	1.81	7	5	111	213	Paul Grant
141	36	14.0	2.11	5.15	0.409	0.51	1.77	0.288	0.45	0.74	0.606	0.40	1.01	1.42	0.88	0.62	0.50	1.45	0.79	5.17	6	2	88	193	Charles Cornelius Smith
973	786	29.5	3.87	8.30	0.466	0.02	0.09	0.205	1.76	2.62	0.670	2.68	7.09	9.78	1.89	0.99	2.39	2.76	1.40	9.52	1	5	109	211	Marcus Camby
1300	1150	35.6	6.59	14.58	0.452	2.29	5.71	0.400	3.38	3.78	0.894	0.95	3.11	4.06	3.35	1.12	0.19	2.20	2.08	18.85	1	2	93	196	Ray Allen
445	143	17.1	2.10	4.55	0.462	0.00	0.02	0.111	1.13	1.79	0.630	1.41	3.29	4.69	0.57	0.30	0.71	2.01	0.91	5.34	1	4	113	206	Samaki Walker
225	23	11.1	1.40	3.34	0.421	0.00	0.02	0.000	0.89	1.34	0.668	1.07	1.93	3.00	0.20	0.15	0.27	1.56	0.64	3.70	6	5	116	211	Todd Fuller
1306	1158	36.4	8.79	19.55	0.449	1.33	4.03	0.331	6.31	7.54	0.836	1.13	4.16	5.29	4.76	1.46	0.48	2.52	3.01	25.21	1	2	96	198	Kobe Bryant
381	45	16.1	3.02	6.55	0.462	0.04	0.13	0.294	1.53	2.06	0.740	0.86	1.92	2.78	0.74	0.35	0.57	1.85	1.23	7.61	7	4	102	203	John Wallace
74	0	7.1	1.38	2.92	0.472	0.00	0.01	0.000	0.69	1.24	0.554	0.58	1.35	1.93	0.45	0.11	0.35	1.38	1.12	3.45	4	5	147	224	Priest Lauderdale
371	58	12.3	1.41	3.21	0.438	0.04	0.16	0.259	0.58	0.84	0.696	1.19	1.94	3.13	0.60	0.37	0.59	2.17	0.66	3.44	8	5	107	213	Travis Knight
756	321	19.5	1.77	3.65	0.486	0.00	0.01	0.100	1.10	1.94	0.569	1.95	3.53	5.48	0.59	0.25	1.71	2.48	0.90	4.65	1	5	127	218	Greg Ostertag
708	150	21.4	2.83	6.56	0.431	0.38	1.09	0.345	1.56	1.87	0.835	0.32	1.44	1.76	3.45	0.93	0.08	2.28	1.31	7.59	1	1	83	180	Travis Best
135	23	9.8	1.19	2.93	0.408	0.01	0.03	0.250	0.96	1.23	0.783	0.80	1.32	2.12	0.24	0.10	0.09	1.79	0.51	3.36	3	5	121	213	George Zidek
462	170	19.6	2.76	5.74	0.481	0.00	0.02	0.000	1.77	2.77	0.637	1.82	2.56	4.38	0.91	0.45	0.24	2.48	1.40	7.29	9	4	116	203	Jason Caffey
51	0	7.9	0.76	2.33	0.328	0.35	1.29	0.273	0.55	0.69	0.800	0.04	0.45	0.49	0.96	0.33	0.02	0.75	0.90	2.43	2	2	85	188	Randolph Childress
472	151	15.8	1.84	3.92	0.470	0.02	0.08	0.211	0.66	1.05	0.630	1.19	2.41	3.61	0.56	0.44	0.65	1.97	0.60	4.36	9	5	107	211	Cherokee Parks
395	341	30.6	5.06	10.65	0.475	0.01	0.07	0.074	2.39	3.41	0.703	2.17	4.78	6.95	1.58	0.51	0.76	3.46	1.88	12.52	7	5	125	213	Bryant Reeves
1450	1413	34.7	7.23	14.55	0.497	0.12	0.44	0.276	3.37	4.27	0.790	2.21	7.88	10.09	3.74	1.28	1.40	2.44	2.19	17.95	2	4	109	211	Kevin Garnett
506	130	19.5	3.54	7.08	0.501	0.01	0.10	0.080	1.54	2.39	0.643	1.66	2.83	4.50	1.00	0.44	0.34	2.17	1.18	8.63	1	4	113	203	Gary Trent
688	668	36.8	8.10	17.63	0.459	0.90	2.65	0.340	3.59	4.38	0.820	1.49	4.59	6.09	2.73	1.20	0.56	2.68	3.12	20.69	1	3	102	201	Glenn Robinson
102	4	5.1	0.77	2.18	0.356	0.05	0.24	0.208	0.10	0.19	0.526	0.31	0.74	1.05	0.18	0.15	0.13	1.04	0.29	1.70	7	5	100	218	Bruno Sundov
108	2	9.8	1.16	2.81	0.413	0.01	0.07	0.125	0.72	1.05	0.690	0.45	1.19	1.65	0.61	0.34	0.24	1.55	0.50	3.05	5	5	113	211	Jabari Smith
918	186	19.8	2.73	6.12	0.446	0.74	1.88	0.393	0.82	0.97	0.840	0.70	2.07	2.78	1.29	0.42	0.32	2.14	0.88	7.01	1	4	104	208	Danny Ferry
47	1	6.4	0.60	1.53	0.389	0.00	0.00	0.000	0.26	0.55	0.462	0.68	0.94	1.62	0.11	0.04	0.40	0.77	0.13	1.45	4	5	104	213	Soumaila Samake
80	14	15.6	2.08	5.50	0.377	0.91	2.41	0.378	0.46	0.56	0.822	0.28	0.72	1.00	1.84	0.25	0.15	0.72	0.78	5.53	4	1	82	185	A.J. Guyton
92	5	6.4	0.54	1.10	0.495	0.00	0.00	0.000	0.29	0.45	0.659	0.66	1.47	2.13	0.12	0.17	0.16	1.15	0.33	1.38	3	5	109	211	Olumide Oyedeji
22	0	9.7	0.77	2.32	0.333	0.00	0.23	0.000	0.14	0.27	0.500	0.23	0.36	0.59	2.09	0.73	0.05	0.91	0.73	1.68	4	1	86	188	Omar Cook
44	1	6.3	0.32	0.86	0.368	0.00	0.00	0.000	0.34	0.61	0.556	0.50	0.80	1.30	0.14	0.09	0.39	0.91	0.32	0.98	4	5	118	213	Ruben Boumtje-Boumtje
542	215	15.8	1.26	2.77	0.455	0.00	0.01	0.000	1.35	1.93	0.699	1.19	1.72	2.91	0.77	0.25	0.18	2.43	0.62	3.87	1	5	112	211	Jarron Collins
75	10	14.2	1.71	5.09	0.335	0.16	0.73	0.218	0.71	0.95	0.746	0.44	0.83	1.27	2.35	0.68	0.04	1.05	1.28	4.28	3	1	84	188	Kenny Satterfield
569	191	18.7	2.51	5.75	0.438	0.24	0.71	0.338	1.36	1.68	0.806	0.37	1.33	1.70	3.09	0.51	0.05	1.54	1.20	6.63	9	1	92	188	Carlos Arroyo
18	0	6.7	0.83	2.11	0.395	0.00	0.06	0.000	0.17	0.39	0.429	0.50	0.56	1.06	0.39	0.06	0.06	0.67	0.56	1.83	4	4	104	208	Paul Shirley
809	372	19.2	1.37	2.94	0.465	0.00	0.01	0.091	1.33	2.52	0.528	2.45	4.67	7.13	0.57	0.70	0.14	2.34	1.11	4.07	1	4	111	203	Reggie Evans
498	18	15.0	2.47	6.31	0.391	0.80	2.26	0.356	0.64	0.74	0.864	0.22	1.18	1.41	1.98	0.50	0.06	1.30	1.12	6.38	1	1	84	185	Jannero Pargo
143	32	10.6	1.15	2.73	0.423	0.00	0.01	0.000	1.26	1.75	0.720	1.02	1.66	2.68	0.22	0.27	0.19	1.78	0.66	3.57	6	5	122	206	Obinna Ekezie
706	479	28.1	3.66	8.43	0.434	1.35	3.34	0.406	1.25	1.56	0.799	0.58	2.21	2.79	1.71	0.69	0.18	2.61	0.99	9.91	1	2	93	196	Raja Bell
623	181	19.6	1.97	4.88	0.404	0.19	0.74	0.250	0.70	0.98	0.706	0.39	1.70	2.09	3.79	0.96	0.18	1.77	1.54	4.83	1	1	86	185	Anthony Carter
35	0	6.6	0.69	2.14	0.320	0.09	0.54	0.158	0.37	0.49	0.765	0.23	0.46	0.69	1.26	0.29	0.00	0.71	0.60	1.83	2	1	82	180	Dean Oliver
153	56	10.7	0.76	1.89	0.401	0.07	0.37	0.179	0.28	0.49	0.573	0.61	1.10	1.71	0.41	0.22	0.29	1.58	0.30	1.86	8	5	107	208	Mark Pope
456	109	16.7	2.51	5.21	0.481	0.01	0.08	0.111	1.30	1.96	0.665	1.10	1.74	2.84	1.19	0.55	0.30	1.97	1.21	6.32	1	3	102	203	Monty Williams
281	26	12.2	1.92	3.93	0.488	0.01	0.03	0.222	0.72	1.07	0.668	0.95	1.79	2.74	0.36	0.28	0.39	1.14	0.58	4.56	1	4	95	206	Mark Strickland
708	409	26.6	4.21	9.91	0.425	1.38	3.64	0.379	2.05	2.76	0.743	1.08	2.87	3.95	2.31	0.93	0.57	2.89	1.87	11.84	1	3	99	203	Walt Williams
1094	740	30.7	4.95	10.90	0.454	0.18	0.63	0.282	3.14	4.35	0.721	1.07	2.66	3.73	7.30	1.48	0.20	1.87	2.62	13.22	1	1	79	191	Rod Strickland
9	0	1.6	0.11	0.89	0.125	0.00	0.00	0.000	0.00	0.00	0.000	0.33	0.00	0.33	0.00	0.00	0.00	0.22	0.22	0.22	2	5	118	211	Casey Shaw
942	361	23.0	2.75	6.81	0.403	0.46	1.50	0.304	1.00	1.27	0.782	0.82	2.56	3.38	4.16	0.79	0.27	2.07	1.77	6.95	1	1	86	198	Brian Shaw
470	314	24.2	4.43	8.85	0.500	0.29	0.88	0.328	2.83	3.60	0.786	1.56	5.75	7.31	2.05	0.79	1.05	2.74	1.78	11.98	7	5	127	221	Arvydas Sabonis
122	30	11.6	1.25	2.67	0.469	0.00	0.00	0.000	0.91	1.33	0.685	0.62	1.51	2.13	0.31	0.32	0.39	1.89	0.70	3.42	4	5	116	213	Daniel Santiago
841	393	23.5	2.70	6.27	0.431	0.81	2.21	0.369	1.70	2.27	0.750	0.89	2.57	3.46	1.29	1.04	0.24	2.36	0.99	7.92	1	2	102	201	Bryon Russell
186	41	9.9	1.17	2.57	0.456	0.00	0.02	0.000	0.74	1.05	0.704	0.97	1.61	2.58	0.32	0.29	0.71	1.63	0.68	3.09	7	5	111	213	Eric Riley
749	230	18.1	2.28	4.97	0.459	0.00	0.03	0.091	1.67	2.40	0.699	1.26	2.58	3.84	0.84	0.34	0.67	2.21	1.07	6.24	1	5	113	208	Sean Rooks
1058	658	23.5	3.36	6.65	0.505	0.00	0.02	0.192	1.08	2.02	0.536	2.58	4.14	6.72	0.70	0.49	0.62	2.68	1.11	7.81	1	5	100	211	Olden Polynice
215	22	15.3	2.27	4.31	0.527	0.00	0.00	0.000	1.40	1.76	0.792	0.91	2.29	3.20	0.41	0.27	0.74	2.38	0.94	5.93	6	5	120	213	Zeljko Rebraca
1178	1053	34.9	6.30	13.33	0.473	0.83	2.55	0.326	2.65	3.77	0.704	1.76	4.61	6.36	5.21	1.96	0.80	2.83	2.76	16.08	1	3	103	203	Scottie Pippen
733	454	28.3	4.27	9.34	0.457	1.57	3.76	0.418	1.07	1.38	0.778	0.58	2.70	3.28	1.68	0.79	0.31	1.32	0.93	11.18	1	2	88	198	Wesley Person
600	475	29.4	4.79	9.95	0.481	0.14	0.47	0.291	2.00	3.17	0.629	2.42	4.28	6.69	2.84	0.95	0.54	2.94	2.18	11.71	1	3	100	203	Billy Owens
1282	1160	31.4	3.77	8.01	0.471	0.05	0.21	0.253	2.09	2.75	0.761	3.06	6.46	9.52	2.51	1.05	0.30	3.45	2.17	9.69	1	4	102	203	Charles Oakley
683	233	18.0	2.40	5.10	0.470	0.00	0.02	0.091	1.41	2.00	0.705	1.54	2.80	4.34	0.39	0.38	0.47	2.35	1.00	6.20	1	4	100	206	Tony Massenburg
499	62	14.6	1.76	4.28	0.412	0.22	0.68	0.319	0.77	0.95	0.816	0.28	1.03	1.31	2.08	0.40	0.04	1.17	0.95	4.52	1	2	86	191	Doug Overton
1389	1303	34.3	5.93	12.60	0.471	1.84	4.67	0.395	4.49	5.06	0.888	0.64	2.38	3.01	2.98	1.08	0.22	1.97	1.74	18.20	1	2	84	201	Reggie Miller
838	686	31.0	6.11	11.58	0.527	0.03	0.11	0.247	4.84	7.00	0.692	2.61	5.91	8.52	1.13	0.49	2.81	3.35	2.64	17.08	1	5	109	208	Alonzo Mourning
493	196	23.0	3.12	5.81	0.536	0.01	0.09	0.116	1.11	1.74	0.639	1.91	3.96	5.87	2.15	0.92	1.54	2.96	1.87	7.35	1	5	127	206	Oliver Miller
114	4	8.5	0.71	1.89	0.377	0.00	0.03	0.000	0.37	0.61	0.609	0.66	1.21	1.87	0.32	0.21	0.31	1.16	0.46	1.79	8	5	107	211	Amal McCaskill
119	0	7.7	0.73	2.29	0.320	0.35	1.05	0.336	0.65	0.95	0.681	0.33	0.69	1.02	0.30	0.31	0.04	0.90	0.38	2.46	6	3	104	201	Donny Marshall
1476	1469	37.2	9.17	17.76	0.516	0.06	0.21	0.274	6.63	8.93	0.742	2.41	7.73	10.14	3.55	1.41	0.77	3.10	3.07	25.02	1	4	120	206	Karl Malone
295	206	25.3	2.65	6.51	0.408	1.35	3.64	0.372	0.72	0.90	0.797	0.21	1.48	1.69	2.89	0.81	0.05	1.27	1.29	7.38	7	4	87	191	Matt Maloney
774	420	22.8	2.70	6.04	0.446	0.19	0.62	0.306	1.02	1.57	0.652	1.95	3.09	5.04	1.45	1.06	0.33	2.16	1.15	6.60	1	3	99	203	George Lynch
535	304	23.5	2.94	6.59	0.447	0.05	0.17	0.281	1.03	1.38	0.751	3.04	4.40	7.44	1.30	0.56	0.30	2.80	1.13	6.96	1	4	113	203	Popeye Jones
1207	1197	34.7	9.39	16.12	0.582	0.00	0.02	0.045	4.92	9.32	0.527	3.49	7.37	10.85	2.51	0.61	2.26	3.43	2.74	23.69	1	5	147	216	Shaquille O'Neal
366	365	35.4	7.67	17.13	0.448	0.87	2.92	0.299	3.70	4.56	0.811	0.88	2.81	3.70	6.39	0.82	0.40	1.44	2.95	19.92	7	1	86	191	Derrick Rose
433	201	24.7	5.27	11.72	0.450	0.54	1.57	0.343	1.92	2.54	0.759	1.12	3.72	4.84	1.32	0.61	0.52	2.25	1.77	13.00	7	4	107	206	Michael Beasley
526	313	31.2	5.26	12.23	0.430	1.57	4.22	0.373	2.08	2.54	0.821	0.53	2.63	3.16	2.96	1.02	0.26	2.24	2.08	14.18	7	2	95	196	O.J. Mayo
371	301	30.4	4.39	10.60	0.414	1.80	4.90	0.367	3.82	4.46	0.856	0.79	3.80	4.60	1.90	0.83	0.49	1.99	1.29	14.39	7	3	102	208	Danilo Gallinari
67	0	11.1	1.54	3.75	0.410	0.24	0.70	0.340	0.90	1.28	0.698	0.69	1.10	1.79	0.66	0.24	0.45	1.73	0.78	4.21	3	3	104	203	Joe Alexander
555	405	26.0	3.73	7.51	0.497	0.00	0.05	0.037	1.70	2.59	0.655	2.23	4.57	6.80	1.10	0.49	0.72	3.04	1.33	9.16	7	4	113	211	Jason Thompson
383	118	23.0	2.81	6.52	0.431	1.14	2.82	0.405	0.69	0.97	0.707	0.42	2.70	3.11	0.99	0.48	0.58	1.39	0.92	7.45	7	2	95	198	Brandon Rush
444	409	32.5	7.04	13.82	0.510	0.00	0.05	0.048	3.88	4.89	0.792	2.82	4.56	7.38	1.34	0.57	1.77	2.84	1.95	17.97	7	5	125	213	Brook Lopez
523	73	15.4	3.14	6.73	0.467	0.04	0.16	0.233	1.48	1.88	0.786	1.50	2.71	4.20	0.59	0.27	0.51	2.20	0.89	7.80	7	5	116	208	Marreese Speights
563	522	26.0	4.32	9.32	0.464	0.01	0.04	0.250	2.23	2.96	0.753	2.48	4.28	6.76	1.45	0.38	1.85	3.22	1.72	10.88	7	5	122	218	Roy Hibbert
393	158	19.6	3.48	6.44	0.541	0.00	0.01	0.200	1.35	2.31	0.584	2.02	3.45	5.47	0.35	0.40	1.76	2.34	1.09	8.32	7	5	122	213	JaVale McGee
516	306	22.8	3.92	7.76	0.505	0.00	0.04	0.000	1.87	3.00	0.622	2.24	4.72	6.96	0.86	0.52	0.59	1.97	1.48	9.71	7	4	110	206	J.J. Hickson
216	50	12.6	2.12	4.12	0.514	0.06	0.17	0.324	0.82	1.03	0.802	1.16	2.49	3.64	0.50	0.31	0.62	2.31	0.82	5.11	5	5	112	218	Alexis Ajinca
446	156	25.7	4.43	10.44	0.424	2.03	5.35	0.379	1.88	2.19	0.860	2.13	3.42	5.55	0.88	0.56	0.38	2.04	1.02	12.78	7	4	109	208	Ryan Anderson
553	313	27.1	3.68	8.21	0.448	1.02	2.67	0.381	1.25	1.47	0.850	0.45	2.15	2.60	1.55	1.01	0.26	1.70	0.99	9.63	7	2	91	196	Courtney Lee
453	147	15.7	2.44	4.62	0.528	0.00	0.01	0.000	0.67	1.09	0.613	1.74	3.04	4.78	0.36	0.38	0.81	2.00	0.69	5.55	7	5	120	213	Kosta Koufos
476	365	28.5	4.87	9.19	0.529	0.29	0.79	0.373	1.47	1.97	0.743	2.49	4.97	7.47	0.56	0.42	2.56	2.86	1.27	11.49	6	5	111	208	Serge Ibaka
138	11	15.3	2.52	4.98	0.507	0.01	0.02	0.333	0.82	1.14	0.720	0.85	2.32	3.17	0.58	0.28	0.41	1.44	0.47	5.87	6	4	113	206	D.J. White
400	87	17.9	2.82	6.36	0.444	0.17	0.56	0.293	0.76	1.00	0.758	1.16	2.45	3.61	0.71	0.63	0.64	2.55	0.81	6.57	7	4	107	206	Darrell Arthur
24	1	7.7	0.83	2.42	0.345	0.25	1.00	0.250	0.50	0.67	0.750	0.29	1.04	1.33	1.00	0.29	0.12	0.75	0.62	2.42	2	3	98	196	Coby Karl
458	110	15.0	0.84	1.64	0.509	0.00	0.00	0.000	0.57	0.86	0.663	1.20	1.66	2.86	0.21	0.27	1.12	1.74	0.48	2.24	8	5	111	206	Joel Anthony
151	0	7.0	0.86	1.86	0.463	0.00	0.03	0.000	0.52	0.83	0.632	0.91	1.56	2.46	0.28	0.07	0.61	1.38	0.61	2.25	5	5	120	218	Hamed Haddadi
37	2	8.2	0.84	2.30	0.365	0.27	0.68	0.400	0.49	0.57	0.857	0.27	0.68	0.95	0.78	0.30	0.00	1.22	0.62	2.43	1	1	84	183	Sean Singletary
222	61	19.7	2.59	5.90	0.439	0.38	1.15	0.329	1.53	1.84	0.831	0.37	1.75	2.13	1.14	0.58	0.25	1.29	0.90	7.08	6	3	95	201	Chris Douglas-Roberts
51	5	15.1	2.16	5.24	0.412	0.25	0.78	0.325	1.10	1.59	0.691	0.43	1.27	1.71	2.08	0.71	0.00	1.65	1.43	5.67	1	1	75	188	Mike Taylor
546	434	26.5	3.38	5.07	0.666	0.00	0.01	0.125	1.46	3.53	0.415	3.03	6.22	9.25	0.51	0.60	1.78	2.73	1.21	8.21	7	5	120	211	DeAndre Jordan
259	191	25.4	5.00	9.60	0.521	0.00	0.00	0.000	2.94	3.87	0.759	3.07	3.82	6.90	0.73	0.54	0.58	2.36	1.57	12.94	5	4	139	211	Nikola Pekovic
377	198	20.5	2.18	4.11	0.529	0.00	0.00	0.000	1.39	2.49	0.558	2.34	5.18	7.53	0.65	0.39	0.82	2.07	1.27	5.74	5	5	116	213	Omer Asik
73	19	18.9	1.84	4.16	0.441	0.58	1.63	0.353	0.73	0.99	0.736	0.47	1.70	2.16	1.63	0.75	0.45	1.33	1.10	4.97	3	2	91	198	Kyle Weaver
153	47	19.3	3.12	6.64	0.470	0.14	0.56	0.256	0.82	1.14	0.714	0.54	1.85	2.39	1.46	0.51	0.18	1.52	1.11	7.21	3	3	93	198	Sonny Weems
45	2	9.6	1.11	2.56	0.435	0.00	0.02	0.000	0.58	0.84	0.684	1.11	1.24	2.36	0.53	0.22	0.20	1.36	0.64	2.80	2	5	127	208	Nathan Jawai
62	0	7.6	1.03	2.02	0.512	0.03	0.19	0.167	0.31	0.60	0.514	0.39	0.85	1.24	0.47	0.16	0.26	0.77	0.37	2.40	2	3	100	198	Malik Hairston
69	17	13.4	1.46	2.68	0.546	0.00	0.00	0.000	0.87	1.46	0.594	0.83	1.93	2.75	0.42	0.36	0.42	2.38	0.72	3.80	2	5	109	213	Semih Erden
685	150	22.1	3.08	6.72	0.458	1.06	2.41	0.441	0.93	1.11	0.837	0.31	1.22	1.53	1.71	0.43	0.06	1.48	0.94	8.15	1	3	83	196	Hubert Davis
821	37	16.9	1.94	4.47	0.434	0.80	2.04	0.392	1.06	1.25	0.848	0.39	1.45	1.84	2.17	0.88	0.14	1.24	0.98	5.74	1	2	88	193	Jon Barry
286	155	20.1	3.85	7.43	0.518	0.06	0.22	0.286	1.13	1.78	0.634	1.56	3.28	4.84	0.90	0.47	0.62	2.49	1.32	8.89	6	4	120	206	Victor Alexander
403	149	13.3	1.45	2.73	0.530	0.00	0.00	0.000	0.71	1.09	0.658	1.08	1.82	2.90	0.35	0.45	0.70	2.82	0.63	3.61	8	4	113	203	Don Reid
1	0	6.0	2.00	3.00	0.667	0.00	0.00	0.000	1.00	1.00	1.000	0.00	1.00	1.00	0.00	0.00	0.00	3.00	1.00	5.00	2	5	118	208	Ratko Varda
850	263	22.9	3.86	8.40	0.460	1.28	3.12	0.411	1.47	1.71	0.858	0.27	1.62	1.89	3.34	0.87	0.05	1.26	1.43	10.47	1	1	75	180	Dana Barros
45	10	10.9	1.36	3.47	0.391	0.11	0.33	0.333	0.64	0.87	0.744	0.87	1.67	2.53	0.60	0.24	0.11	2.62	0.89	3.47	4	5	130	211	Bateer Mengke
1026	972	33.9	6.18	12.79	0.483	0.21	0.68	0.314	4.12	5.36	0.769	1.15	4.87	6.01	4.14	1.22	0.56	2.32	2.40	16.70	1	3	102	203	Grant Hill
568	327	30.4	4.21	9.76	0.432	0.77	2.20	0.351	2.00	2.45	0.817	1.36	3.58	4.94	1.87	0.74	0.43	2.70	1.28	11.19	1	3	98	196	Chris Mills
720	29	11.7	1.33	3.08	0.433	0.37	1.00	0.366	0.28	0.44	0.633	0.60	1.16	1.76	0.78	0.44	0.20	1.02	0.41	3.31	1	3	100	198	Jud Buechler
366	83	12.2	1.29	2.86	0.451	0.01	0.02	0.222	0.67	0.89	0.748	0.86	1.90	2.76	0.41	0.28	0.98	1.85	0.49	3.25	1	5	104	211	Calvin Booth
868	692	29.7	4.65	9.68	0.480	0.11	0.41	0.261	3.41	4.15	0.820	1.87	4.82	6.69	2.56	1.06	0.78	3.19	2.23	12.81	1	4	111	211	Christian Laettner
255	117	26.1	3.60	8.91	0.404	0.75	2.37	0.316	1.58	2.05	0.772	1.16	2.53	3.69	1.45	1.04	0.36	2.62	1.05	9.53	4	3	102	198	Tyrone Nesby
766	196	22.8	3.22	8.02	0.402	1.20	3.36	0.358	1.39	1.72	0.810	0.86	2.20	3.06	2.31	0.77	0.25	2.15	1.40	9.04	1	3	93	198	George McCloud
113	2	12.8	2.03	5.28	0.384	0.63	2.02	0.311	0.42	0.51	0.810	0.20	0.59	0.80	1.81	0.32	0.04	1.21	0.96	5.10	2	1	79	188	Bobby Brown
65	1	9.1	1.57	3.92	0.400	0.80	2.25	0.356	0.14	0.15	0.900	0.12	0.63	0.75	0.54	0.35	0.02	0.78	0.37	4.08	3	2	90	191	Anthony Roberson
412	42	13.1	1.56	3.26	0.478	0.00	0.01	0.000	0.63	1.44	0.441	1.54	2.16	3.70	0.44	0.37	0.73	1.97	0.70	3.75	9	4	102	206	Lou Amundson
187	56	14.0	1.25	3.49	0.357	0.65	2.17	0.301	0.36	0.55	0.650	0.41	0.97	1.38	0.65	0.28	0.09	1.48	0.39	3.50	4	3	102	201	Yakhouba Diawara
14	0	12.1	0.86	2.07	0.414	0.00	0.00	0.000	0.79	1.64	0.478	0.93	1.86	2.79	0.21	0.50	0.43	1.57	1.07	2.50	2	5	117	211	Darryl Watkins
140	31	14.2	1.82	4.91	0.371	0.02	0.13	0.167	0.91	1.29	0.702	1.34	2.17	3.51	0.45	0.33	0.21	1.93	0.76	4.57	9	5	113	213	Earl Barron
868	600	28.3	3.97	8.26	0.480	0.23	0.70	0.330	3.03	3.77	0.804	1.97	5.17	7.14	2.85	0.74	0.68	2.74	1.57	11.20	1	5	118	213	Brad Miller
25	0	6.8	0.84	2.48	0.339	0.04	0.44	0.091	0.36	0.68	0.529	0.28	0.60	0.88	1.16	0.20	0.12	0.68	0.80	2.08	4	2	86	191	Mustafa Shakur
867	791	26.6	6.11	12.07	0.507	0.00	0.03	0.115	2.61	3.38	0.773	1.77	4.32	6.09	1.40	0.43	1.28	3.47	1.82	14.85	1	5	113	224	Rik Smits
1	0	2.4	1.00	1.00	1.000	0.00	0.00	0.000	0.00	0.00	0.000	2.00	1.00	3.00	0.00	0.00	0.00	0.00	0.00	2.00	1	5	112	213	Steven Hill
23	0	7.4	0.87	2.26	0.385	0.04	0.13	0.333	0.78	0.83	0.947	0.22	0.65	0.87	0.65	0.09	0.04	1.13	0.48	2.57	3	3	98	196	Trey Johnson
46	4	8.2	0.54	1.59	0.342	0.00	0.00	0.000	0.09	0.30	0.286	0.74	1.63	2.37	0.30	0.17	0.28	1.74	0.50	1.17	3	5	116	211	Jared Reiner
1089	989	31.1	3.54	7.68	0.460	0.01	0.05	0.136	1.98	2.50	0.794	2.76	4.97	7.72	1.53	0.84	1.02	2.95	1.23	9.06	1	5	102	211	P.J. Brown
797	198	16.9	2.18	4.37	0.500	0.00	0.02	0.083	1.05	1.50	0.697	1.41	2.35	3.76	0.62	0.41	0.24	2.53	0.83	5.41	1	4	111	206	Mark Bryant
1296	1091	30.2	3.70	8.28	0.447	0.57	1.71	0.332	1.67	2.17	0.770	0.99	2.84	3.83	7.97	1.24	0.09	1.72	2.43	9.64	1	1	82	185	Mark Jackson
127	8	10.2	1.57	3.84	0.408	0.07	0.28	0.250	0.48	0.72	0.663	0.71	1.39	2.09	0.35	0.22	0.31	1.42	0.69	3.69	3	5	113	211	Pat Burke
520	61	13.0	1.13	2.91	0.390	0.35	1.01	0.344	0.45	0.57	0.783	0.53	1.46	1.99	0.84	0.30	0.23	1.57	0.66	3.07	1	4	109	206	Brian Scalabrine
247	69	14.6	2.17	4.30	0.506	0.00	0.01	0.000	0.64	1.23	0.525	1.32	2.26	3.57	0.67	0.26	0.51	2.34	1.09	4.99	6	5	111	213	Zan Tabak
1159	512	24.5	3.84	8.34	0.461	0.52	1.54	0.336	2.79	3.44	0.810	0.82	1.37	2.19	1.46	0.92	0.21	2.76	1.43	10.99	1	3	86	201	Johnny Newman
1003	671	28.4	3.46	7.42	0.467	0.08	0.29	0.283	2.48	3.26	0.761	2.16	3.97	6.13	1.71	1.20	0.36	2.95	1.62	9.49	1	4	102	203	Grant Long
678	302	24.2	4.20	9.19	0.457	0.79	2.05	0.384	1.40	1.79	0.781	1.52	3.91	5.43	1.31	0.59	0.44	2.80	1.26	10.58	1	4	104	208	Terry Mills
16	0	3.4	0.50	1.06	0.471	0.00	0.00	0.000	0.19	0.38	0.500	0.19	0.38	0.56	0.19	0.06	0.06	0.88	0.25	1.19	1	4	113	208	Brent Scott
985	516	21.6	3.18	6.47	0.492	0.00	0.03	0.154	1.55	2.11	0.737	2.16	4.64	6.79	1.16	0.75	0.99	3.19	1.67	7.92	1	5	111	208	LaSalle Thompson
867	770	35.3	6.51	15.08	0.431	1.78	5.01	0.355	2.94	3.76	0.782	0.63	2.67	3.29	8.18	1.65	0.15	2.34	2.86	17.73	1	1	79	183	Tim Hardaway
226	87	21.0	2.58	6.36	0.405	0.29	0.89	0.322	2.20	2.73	0.806	0.54	1.20	1.74	4.03	0.96	0.03	1.71	1.75	7.65	4	1	69	178	Tyus Edney
852	354	23.8	2.99	7.03	0.425	0.30	1.11	0.267	1.50	1.85	0.811	0.55	1.59	2.14	3.89	0.86	0.16	2.14	1.49	7.78	1	2	82	185	Bimbo Coles
942	717	30.6	4.89	11.13	0.440	1.22	3.41	0.358	3.25	3.85	0.845	1.18	2.07	3.25	3.10	0.77	0.29	2.42	1.82	14.26	1	2	91	201	Steve Smith
136	1	9.2	1.57	3.76	0.417	0.51	1.33	0.387	0.79	1.08	0.735	0.41	1.29	1.70	0.29	0.18	0.21	1.14	0.50	4.44	5	5	116	216	Zhizhi Wang
913	868	38.6	6.65	15.66	0.425	1.21	3.58	0.337	3.79	4.71	0.804	0.84	3.24	4.08	4.01	1.42	0.43	1.85	2.68	18.30	1	2	86	196	Latrell Sprewell
994	322	22.4	3.24	7.25	0.447	0.07	0.29	0.223	2.14	2.74	0.784	1.26	2.47	3.73	1.10	0.55	0.30	2.52	0.84	8.69	1	3	95	198	Sam Mitchell
704	559	33.7	5.67	12.40	0.458	0.71	2.26	0.316	3.11	4.02	0.774	1.38	3.08	4.47	5.01	1.60	0.44	2.22	2.54	15.18	1	1	88	201	Penny Hardaway
976	901	35.2	7.48	16.43	0.455	1.36	3.50	0.388	4.67	5.50	0.850	0.90	2.99	3.89	3.48	1.24	0.26	2.56	2.64	21.00	1	2	98	196	Mitch Richmond
1009	967	30.9	5.28	11.84	0.446	0.52	1.79	0.289	2.71	3.77	0.720	1.31	2.96	4.27	3.88	1.70	0.72	2.30	2.23	13.79	1	2	84	198	Ron Harper
748	228	22.1	2.50	4.94	0.506	0.00	0.02	0.214	1.98	2.78	0.714	1.64	2.85	4.49	1.22	0.60	1.31	3.21	1.27	6.99	1	5	104	211	John Salley
1165	1035	33.2	4.67	9.18	0.509	0.00	0.05	0.063	1.81	2.62	0.692	2.98	5.13	8.11	2.21	0.98	0.97	2.43	1.12	11.16	1	4	116	208	Horace Grant
885	651	32.8	5.44	12.71	0.428	1.00	2.73	0.365	2.47	3.00	0.825	1.34	3.35	4.69	3.22	0.82	0.21	2.23	2.46	14.34	1	2	100	198	Jim Jackson
737	380	20.8	2.42	5.14	0.470	0.01	0.03	0.250	1.18	1.58	0.744	1.61	3.15	4.76	0.58	0.45	1.49	2.76	0.95	6.01	1	5	111	211	Andrew Lang
89	11	13.5	1.72	4.47	0.384	0.56	1.51	0.373	0.49	0.74	0.667	0.69	1.19	1.88	0.92	0.63	0.04	1.20	0.74	4.49	7	2	82	191	Larry Robinson
640	404	19.2	1.87	3.85	0.484	0.00	0.00	0.000	1.51	2.30	0.658	2.05	3.32	5.37	0.33	0.39	0.83	3.31	1.04	5.24	1	5	120	213	Felton Spencer
418	80	16.8	1.96	4.59	0.426	0.87	2.24	0.387	1.15	1.40	0.824	0.42	1.22	1.64	2.96	0.75	0.04	1.82	1.50	5.94	1	1	75	185	Brent Price
887	331	18.4	1.57	3.81	0.412	0.00	0.01	0.000	0.78	1.70	0.458	2.52	3.63	6.15	0.42	0.38	1.16	2.62	0.83	3.92	1	5	107	211	Chris Dudley
565	320	27.2	4.33	10.43	0.415	1.66	4.31	0.384	1.63	2.07	0.787	0.61	2.23	2.85	2.09	0.75	0.23	2.15	1.32	11.94	1	2	93	193	Voshon Lenard
1136	526	29.6	4.75	9.68	0.491	0.42	1.09	0.384	3.95	4.92	0.803	1.65	4.54	6.18	3.37	0.75	0.27	2.96	2.00	13.87	1	3	97	206	Detlef Schrempf
31	0	8.6	0.74	1.58	0.469	0.00	0.00	0.000	0.29	0.65	0.450	0.58	1.16	1.74	0.26	0.10	0.23	1.48	0.29	1.77	2	5	116	216	Luke Schenscher
880	671	32.9	5.27	13.02	0.405	1.74	4.86	0.357	2.11	2.66	0.794	0.43	2.47	2.89	6.56	0.83	0.10	1.57	2.10	14.38	1	1	77	185	Nick Van Exel
765	482	27.6	4.36	9.00	0.484	0.20	0.75	0.267	2.09	3.09	0.678	0.73	1.46	2.19	5.93	1.03	0.10	2.11	2.30	11.01	1	1	82	183	Sherman Douglas
230	40	18.2	2.74	6.65	0.412	0.32	1.07	0.300	0.60	0.79	0.758	0.51	2.09	2.60	0.78	0.50	0.13	1.45	0.60	6.40	5	3	86	196	Rodney Buford
832	484	23.5	3.26	7.13	0.457	0.00	0.05	0.103	1.59	2.22	0.715	2.09	4.24	6.33	0.69	0.64	2.55	3.09	1.27	8.12	1	5	107	229	Shawn Bradley
25	0	5.5	0.52	1.56	0.333	0.00	0.00	0.000	1.12	1.44	0.778	0.52	0.88	1.40	0.20	0.08	0.04	0.72	0.36	2.16	1	5	100	213	Tim Young
937	639	29.1	4.17	8.59	0.486	0.22	0.69	0.316	2.40	3.08	0.779	1.62	3.07	4.68	2.41	1.14	0.65	2.88	1.83	10.96	1	3	93	206	Derrick McKey
1117	613	23.1	2.77	5.63	0.493	0.00	0.03	0.132	1.40	1.99	0.704	1.62	4.60	6.23	0.97	0.57	0.90	3.13	1.30	6.95	1	5	109	208	Rick Mahorn
22	1	6.9	1.00	2.41	0.415	0.00	0.05	0.000	0.27	0.41	0.667	0.68	1.00	1.68	0.32	0.09	0.23	1.05	0.27	2.27	1	5	109	213	Boniface Ndong
791	604	32.5	5.93	12.23	0.485	0.05	0.23	0.215	3.05	4.79	0.638	2.86	4.56	7.42	1.91	0.74	1.01	3.24	2.22	14.97	1	4	109	211	Vin Baker
915	610	30.3	4.40	9.33	0.471	0.01	0.06	0.196	2.65	3.56	0.743	2.32	5.16	7.48	1.47	0.96	0.87	2.22	1.56	11.46	1	4	109	198	Clarence Weatherspoon
133	15	11.7	1.32	3.01	0.440	0.00	0.00	0.000	1.75	2.65	0.660	1.38	2.11	3.49	0.25	0.29	0.21	1.62	0.81	4.40	7	5	113	211	Zendon Hamilton
41	0	10.5	1.49	3.44	0.433	0.44	1.27	0.346	0.66	0.78	0.844	0.05	0.61	0.66	1.29	0.41	0.02	0.78	0.44	4.07	2	2	79	188	Lynn Greer
757	227	20.9	2.53	6.27	0.403	0.81	2.31	0.349	1.40	1.91	0.733	0.36	1.51	1.87	3.96	1.17	0.10	1.75	1.38	7.26	1	1	80	183	Greg Anthony
966	790	30.5	5.25	12.08	0.434	0.33	1.09	0.300	2.55	3.38	0.754	1.32	2.82	4.14	3.05	1.57	0.45	2.60	1.80	13.37	1	2	88	196	Kendall Gill
845	453	20.1	1.65	3.26	0.505	0.00	0.01	0.200	0.81	1.34	0.605	1.98	4.11	6.09	0.46	0.56	1.29	2.88	0.86	4.11	1	5	111	211	Ervin Johnson
1153	571	24.4	4.10	8.82	0.465	0.05	0.25	0.201	2.01	2.92	0.690	2.02	3.48	5.50	1.85	1.24	0.69	3.00	1.37	10.26	1	4	98	201	Jerome Kersey
656	95	12.2	1.60	3.63	0.440	0.03	0.14	0.225	0.65	0.86	0.748	0.78	1.80	2.58	0.54	0.14	0.29	1.86	0.71	3.87	1	5	109	211	Greg Foster
846	260	26.3	4.29	9.61	0.447	0.86	2.58	0.335	2.14	2.94	0.729	1.20	3.00	4.20	3.69	0.97	0.34	1.73	1.83	11.60	1	3	107	211	Toni Kukoc
882	559	34.7	4.06	7.97	0.509	0.00	0.01	0.167	2.82	3.98	0.709	2.17	6.08	8.25	3.36	0.73	0.28	2.67	1.76	10.95	1	4	113	201	Anthony Mason
969	269	24.4	5.56	11.28	0.493	0.31	0.95	0.322	3.50	3.99	0.875	0.89	1.48	2.37	1.88	0.79	0.15	2.29	1.50	14.93	1	2	93	193	Ricky Pierce
22	0	4.6	0.23	1.09	0.208	0.00	0.00	0.000	0.23	0.55	0.417	0.27	0.41	0.68	0.05	0.05	0.32	0.73	0.45	0.68	3	5	109	218	Cezary Trybanski
294	93	16.4	2.26	5.60	0.403	0.00	0.04	0.077	1.73	2.59	0.671	0.78	1.84	2.63	0.78	0.31	0.32	1.70	1.31	6.25	6	5	122	208	John Amaechi
337	51	13.5	1.18	3.12	0.378	0.30	0.82	0.362	0.58	0.84	0.693	0.25	1.07	1.33	2.60	0.60	0.06	1.07	1.06	3.23	1	2	86	193	Rick Brunson
567	361	21.2	2.97	6.43	0.462	0.00	0.01	0.000	1.27	1.67	0.760	1.54	3.39	4.93	1.47	0.49	0.97	3.05	1.66	7.21	1	5	135	221	Luc Longley
61	0	7.3	0.97	2.89	0.335	0.18	0.72	0.250	1.08	1.36	0.795	0.18	0.56	0.74	0.21	0.20	0.03	0.46	0.57	3.20	4	3	98	196	Lavor Postell
1000	876	35.0	6.78	14.87	0.456	1.56	3.90	0.400	3.23	3.81	0.846	0.95	3.44	4.39	2.10	0.96	0.27	2.36	1.73	18.34	1	3	103	203	Glen Rice
1	0	5.0	0.00	1.00	0.000	0.00	0.00	0.000	0.00	0.00	0.000	0.00	0.00	0.00	0.00	0.00	0.00	2.00	0.00	0.00	5	5	111	211	Jonathan Kerner
889	556	28.6	3.20	6.99	0.458	0.12	0.43	0.277	1.19	1.44	0.827	0.60	2.01	2.61	7.57	1.54	0.04	1.78	1.61	7.71	1	1	62	160	Muggsy Bogues
16	0	7.0	1.00	2.06	0.485	0.12	0.19	0.667	0.44	0.62	0.700	0.25	1.19	1.44	0.19	0.31	0.00	1.25	0.50	2.56	3	2	95	196	Melvin Sanders
54	1	8.7	0.65	1.74	0.372	0.15	0.59	0.250	0.20	0.52	0.393	0.28	0.65	0.93	1.04	0.35	0.04	0.63	0.59	1.65	4	1	82	193	Jamison Brewer
65	5	6.7	0.65	1.45	0.447	0.00	0.00	0.000	0.23	0.38	0.600	0.40	0.63	1.03	0.12	0.09	0.29	1.35	0.31	1.52	2	5	125	213	John Edwards
63	11	9.6	0.89	2.37	0.376	0.08	0.33	0.238	0.84	1.17	0.716	0.25	0.70	0.95	0.37	0.32	0.19	0.62	0.54	2.70	2	3	86	201	Rawle Marshall
8	0	3.5	0.25	1.00	0.250	0.00	0.00	0.000	0.12	0.25	0.500	0.12	0.62	0.75	0.00	0.12	0.00	0.50	0.25	0.62	1	4	116	206	Steven Smith
28	1	11.4	1.50	3.71	0.404	0.25	0.82	0.304	0.61	0.71	0.850	0.89	1.32	2.21	0.36	0.32	0.39	0.79	0.75	3.86	1	4	112	203	Antonis Fotsis
4	0	4.2	0.25	1.50	0.167	0.25	0.25	1.000	1.00	1.00	1.000	0.50	0.50	1.00	0.75	0.00	0.00	0.25	0.25	1.75	2	1	75	173	Yuta Tabuse
10	0	11.6	0.90	3.10	0.290	0.00	0.40	0.000	0.50	1.00	0.500	0.60	0.70	1.30	0.60	0.50	0.20	1.60	0.30	2.30	1	3	98	198	Mark Jones
587	254	16.8	1.90	3.76	0.507	0.00	0.00	0.000	0.99	1.59	0.621	1.75	2.49	4.24	0.58	0.66	0.51	3.05	0.94	4.80	1	5	104	208	Andrew DeClercq
604	302	25.4	4.39	10.36	0.423	0.29	0.87	0.335	1.85	2.31	0.803	0.85	1.88	2.74	2.66	1.37	0.33	1.70	1.88	10.92	1	1	86	191	Kevin Edwards
67	1	12.2	1.33	3.60	0.369	0.25	1.03	0.246	0.36	0.49	0.727	0.31	0.75	1.06	2.01	0.43	0.01	1.03	0.70	3.27	4	3	78	178	Andre Barrett
431	71	16.7	2.01	5.14	0.391	0.80	2.27	0.352	0.68	0.89	0.764	0.48	1.34	1.82	1.16	0.60	0.12	1.68	0.81	5.50	1	2	86	193	Jaren Jackson
591	341	26.7	6.01	13.56	0.443	0.80	2.27	0.354	1.82	2.02	0.903	0.39	1.53	1.92	3.55	0.84	0.08	1.90	1.66	14.64	9	1	73	183	Mahmoud Abdul-Rauf
16	0	9.8	0.94	2.31	0.405	0.00	0.00	0.000	0.12	0.38	0.333	0.25	1.75	2.00	0.00	0.06	0.75	1.25	0.38	2.00	2	5	109	211	Ken Johnson
1051	727	27.9	5.24	10.73	0.488	0.03	0.11	0.277	4.10	5.52	0.741	2.88	5.53	8.41	1.62	1.13	1.22	3.64	2.63	14.60	1	5	127	208	Shawn Kemp
827	709	31.5	3.92	9.19	0.426	0.97	2.75	0.354	2.44	2.97	0.821	0.96	3.13	4.09	3.62	1.88	0.47	2.48	2.08	11.25	1	2	91	198	Doug Christie
736	363	25.1	4.26	9.92	0.430	0.72	1.99	0.360	2.02	2.66	0.759	1.27	2.85	4.12	1.33	0.93	0.43	2.00	1.64	11.26	1	3	107	201	Lamond Murray
756	577	28.3	4.10	8.38	0.490	0.01	0.04	0.214	2.28	3.05	0.746	2.43	5.01	7.44	1.22	0.60	0.74	3.19	1.63	10.49	1	4	115	206	Brian Grant
252	92	15.8	2.42	5.53	0.437	0.28	0.80	0.347	1.45	1.76	0.824	0.82	1.35	2.17	0.61	0.40	0.32	1.95	0.92	6.56	8	4	107	206	Chris Crawford
763	607	30.9	5.07	11.25	0.451	0.27	0.96	0.284	2.55	3.37	0.757	2.09	5.23	7.33	2.80	1.41	0.64	2.47	2.27	12.97	1	4	109	208	Tom Gugliotta
10	0	11.0	1.10	3.50	0.314	0.40	1.10	0.364	1.60	2.00	0.800	0.20	0.90	1.10	0.40	0.00	0.00	1.00	0.90	4.20	2	2	95	196	Maurice Carter
100	43	19.4	2.14	6.22	0.344	1.20	3.60	0.333	0.98	1.31	0.748	0.27	1.54	1.81	2.15	0.56	0.07	1.12	0.83	6.46	2	2	84	188	J.R. Bremer
930	585	25.5	3.64	8.08	0.450	0.83	2.37	0.349	1.54	2.00	0.770	1.07	2.71	3.78	2.85	1.04	0.38	2.95	1.73	9.64	1	3	104	201	Rick Fox
3	0	7.0	0.33	2.00	0.167	0.00	0.00	0.000	0.33	1.33	0.250	0.33	1.67	2.00	0.00	0.00	0.33	1.33	1.00	1.00	4	5	111	213	Ernest Brown
7	0	4.6	0.71	1.71	0.417	0.43	1.14	0.375	0.00	0.29	0.000	0.00	0.57	0.57	0.14	0.00	0.00	0.00	0.14	1.86	1	3	92	201	Desmond Ferguson
11	0	6.1	0.91	2.36	0.385	0.36	0.73	0.500	0.55	0.82	0.667	0.27	0.45	0.73	0.18	0.00	0.00	0.45	0.27	2.73	3	2	86	196	Norman Richardson
1054	637	25.3	3.44	7.18	0.479	0.03	0.18	0.145	1.47	2.08	0.706	0.36	1.30	1.66	5.55	0.95	0.15	1.57	1.66	8.37	1	1	79	178	Avery Johnson
858	693	30.1	4.66	11.09	0.421	0.64	1.84	0.346	2.61	3.30	0.790	0.78	2.30	3.08	6.06	1.47	0.13	2.30	2.06	12.57	1	1	76	183	Kenny Anderson
1134	979	29.8	4.59	9.27	0.495	0.09	0.38	0.235	2.55	3.68	0.692	2.54	5.68	8.22	3.12	1.14	1.43	3.18	2.18	11.81	1	5	118	216	Vlade Divac
987	168	20.0	3.71	7.38	0.503	0.01	0.05	0.130	1.87	2.40	0.780	1.17	2.26	3.43	1.10	0.37	0.94	3.10	1.20	9.30	1	4	102	206	Antoine Carr
800	147	19.6	2.74	6.44	0.426	0.50	1.44	0.348	1.24	1.57	0.790	0.69	1.64	2.33	1.41	0.69	0.11	1.27	0.74	7.23	1	2	86	196	Lucious Harris
73	0	7.2	0.96	1.89	0.507	0.00	0.00	0.000	0.63	0.90	0.697	0.48	1.22	1.70	0.15	0.08	0.11	1.56	0.51	2.55	4	4	125	206	Alton Ford
6	0	2.7	0.33	0.50	0.667	0.00	0.00	0.000	0.67	1.00	0.667	0.17	0.00	0.17	0.17	0.00	0.00	0.17	0.17	1.33	2	2	82	191	Geno Carlisle
3	0	4.3	0.67	1.00	0.667	0.00	0.00	0.000	0.00	0.00	0.000	0.33	0.67	1.00	0.00	0.00	0.33	2.33	0.67	1.33	1	4	110	206	Sharrod Ford
1001	473	21.6	3.03	6.47	0.469	0.01	0.08	0.152	1.90	2.61	0.728	1.30	1.91	3.21	1.56	0.97	0.32	1.75	1.25	7.98	1	3	93	198	Stacey Augmon
611	584	37.3	7.00	16.72	0.419	1.26	3.64	0.345	3.80	4.96	0.766	1.14	4.21	5.35	3.95	1.03	0.18	2.51	2.59	19.06	1	3	112	203	Jamal Mashburn
318	7	14.9	2.56	5.05	0.507	0.01	0.05	0.118	1.27	1.89	0.675	1.41	2.19	3.59	0.58	0.30	0.31	1.13	0.71	6.39	8	4	104	206	Lawrence Funderburke
644	78	15.4	1.49	3.16	0.471	0.00	0.04	0.115	0.57	0.97	0.587	1.68	2.49	4.18	0.71	0.51	0.41	2.14	0.81	3.55	1	4	109	206	Corie Blount
1083	99	21.7	4.70	10.29	0.457	1.15	2.86	0.402	1.15	1.36	0.843	0.55	1.86	2.42	1.76	0.91	0.22	1.66	1.20	11.70	1	2	86	193	Dell Curry
187	32	10.4	1.23	3.02	0.407	0.01	0.02	0.333	0.49	0.96	0.511	0.83	1.49	2.32	0.32	0.29	0.70	1.36	0.58	2.96	8	5	102	211	Antonio Harvey
38	5	12.3	1.79	3.42	0.523	0.00	0.03	0.000	0.71	1.16	0.614	1.18	1.97	3.16	0.50	0.26	0.24	2.29	0.74	4.34	4	4	109	208	Ben Handlogten
43	12	13.9	0.91	2.30	0.394	0.00	0.00	0.000	0.58	0.77	0.758	0.86	1.98	2.84	0.72	0.16	0.44	2.21	0.88	2.40	1	5	122	211	Dragan Tarlac
387	107	19.6	3.09	6.93	0.446	0.02	0.08	0.226	2.18	2.68	0.814	1.63	2.65	4.28	0.80	0.38	0.26	2.00	1.21	8.37	7	5	122	208	Marc Jackson
6	1	9.7	1.50	3.00	0.500	0.00	0.00	0.000	0.00	0.83	0.000	1.67	1.17	2.83	0.17	0.00	0.33	1.83	0.50	3.00	1	5	122	213	Dan McClintock
153	65	14.0	1.03	2.23	0.463	0.00	0.00	0.000	0.69	1.10	0.621	1.44	2.49	3.93	0.50	0.45	0.62	2.61	0.63	2.75	6	5	116	211	Evan Eschmeyer
21	0	8.7	0.43	1.33	0.321	0.05	0.14	0.333	0.24	0.43	0.556	0.38	0.86	1.24	0.52	0.14	0.14	1.10	0.52	1.14	6	4	100	208	Steve Goodrich
17	0	4.0	0.41	0.65	0.636	0.00	0.06	0.000	0.06	0.12	0.500	0.06	0.24	0.29	0.53	0.18	0.00	0.18	0.12	0.88	4	2	88	196	Ira Bowman
801	609	28.0	3.54	7.04	0.502	0.00	0.02	0.000	2.33	3.62	0.643	2.99	5.57	8.56	0.81	0.77	0.47	3.61	1.55	9.40	1	4	109	206	Tyrone Hill
983	896	32.6	4.97	10.80	0.461	1.25	3.16	0.394	3.53	4.05	0.870	0.84	2.78	3.62	2.91	1.65	0.31	2.08	1.86	14.72	1	2	86	191	Hersey Hawkins
7	0	11.3	1.29	3.57	0.360	0.00	0.00	0.000	0.71	1.14	0.625	1.29	2.00	3.29	0.71	0.14	0.43	1.86	0.43	3.29	2	5	111	216	Nate Huffman
226	62	17.4	1.78	4.51	0.394	0.69	1.96	0.352	0.62	0.79	0.787	0.35	1.60	1.95	1.75	0.74	0.13	1.52	1.18	4.87	8	2	88	193	Emanual Davis
98	7	16.0	1.91	5.07	0.376	0.55	1.73	0.318	0.59	0.70	0.841	0.22	1.06	1.29	1.55	0.63	0.11	1.50	0.96	4.96	5	2	95	188	Rusty LaRue
1238	1186	35.7	8.68	16.96	0.512	0.02	0.10	0.202	4.38	6.16	0.712	3.26	7.85	11.10	2.47	1.75	3.09	3.54	2.96	21.77	2	5	116	213	Hakeem Olajuwon
300	178	19.6	3.53	7.08	0.499	0.00	0.01	0.000	1.46	2.83	0.514	1.69	3.48	5.16	0.63	0.37	1.28	3.53	1.23	8.52	9	5	129	213	Stanley Roberts
362	32	15.1	1.95	4.46	0.438	0.26	0.86	0.304	0.99	1.59	0.623	0.68	1.30	1.98	0.94	0.59	0.15	1.59	0.98	5.16	1	2	95	196	Mitchell Butler
655	168	17.6	1.95	4.66	0.417	0.04	0.18	0.200	0.88	1.27	0.691	0.50	1.29	1.79	2.17	1.10	0.24	1.93	1.11	4.81	1	1	86	188	Randy Brown
732	395	25.5	2.90	6.14	0.473	0.78	2.15	0.365	1.97	2.31	0.854	0.71	2.05	2.76	2.56	0.92	0.18	1.96	1.31	8.56	1	2	95	196	Mario Elie
732	622	34.1	6.15	12.48	0.493	0.22	0.71	0.307	5.37	6.40	0.840	0.66	2.61	3.28	9.15	1.47	0.24	2.09	3.08	17.90	1	1	82	185	Kevin Johnson
955	455	31.6	4.14	9.60	0.431	1.42	3.98	0.358	1.74	2.35	0.741	1.18	3.29	4.47	2.88	1.25	0.38	2.02	1.17	11.44	1	2	98	198	Dan Majerle
223	105	15.4	2.55	4.70	0.541	0.00	0.00	0.000	1.04	1.62	0.643	1.52	2.46	3.98	0.54	0.27	0.79	2.14	0.69	6.13	6	5	127	213	Todd MacCulloch
552	157	20.8	3.15	7.41	0.425	0.21	0.71	0.292	2.41	3.06	0.787	0.47	1.54	2.01	4.63	1.10	0.08	1.89	2.39	8.91	1	2	82	188	Robert Pack
541	137	25.2	2.38	5.91	0.403	0.69	2.00	0.344	1.41	1.73	0.816	0.36	2.06	2.42	4.87	0.91	0.10	2.93	1.97	6.86	1	2	88	191	Chris Childs
1072	1039	38.3	11.37	22.89	0.497	0.54	1.66	0.327	6.83	8.18	0.835	1.56	4.67	6.22	5.25	2.35	0.83	2.60	2.73	30.12	1	2	98	198	Michael Jordan
629	376	28.6	4.71	11.31	0.417	1.93	4.86	0.397	1.52	1.92	0.793	0.58	2.24	2.82	2.06	0.83	0.31	2.03	1.22	12.87	1	3	104	203	Dennis Scott
120	0	6.5	0.96	1.99	0.481	0.00	0.00	0.000	0.88	1.40	0.631	0.59	0.85	1.44	0.21	0.32	0.23	1.22	0.50	2.80	6	4	102	206	Stephen Howard
327	101	15.9	1.51	3.44	0.440	0.01	0.03	0.222	1.21	1.96	0.618	1.29	2.34	3.63	0.93	0.28	0.18	1.81	1.13	4.24	8	4	112	206	Dickey Simpkins
586	407	28.0	3.45	8.14	0.424	0.52	1.59	0.329	2.73	3.24	0.841	1.03	2.35	3.38	2.01	1.01	0.22	1.86	1.32	10.15	1	2	95	196	Bryant Stith
37	2	6.8	0.78	1.70	0.460	0.00	0.00	0.000	0.38	0.89	0.424	1.08	0.54	1.62	0.27	0.19	0.05	1.08	0.27	1.95	4	4	118	203	Harold Jamison
672	297	22.9	3.23	6.84	0.472	0.01	0.06	0.135	1.99	2.78	0.716	1.49	3.54	5.03	0.95	0.76	0.39	2.94	1.41	8.45	1	4	112	206	J.R. Reid
98	27	12.4	1.51	3.30	0.458	0.02	0.03	0.667	0.48	0.99	0.485	1.33	1.93	3.26	0.49	0.28	0.43	2.24	0.87	3.52	7	4	113	206	Art Long
889	800	34.9	5.29	12.93	0.409	1.44	4.29	0.336	1.43	1.94	0.736	1.14	2.97	4.12	6.72	2.33	0.34	1.90	2.33	13.46	1	1	86	185	Mookie Blaylock
359	210	19.4	2.01	4.19	0.480	0.00	0.00	0.000	0.82	1.21	0.677	1.66	3.38	5.04	0.57	0.47	1.04	1.91	0.57	4.84	9	5	102	208	Dean Garrett
986	822	32.6	6.84	13.43	0.509	0.83	2.15	0.384	3.67	4.24	0.865	1.04	3.05	4.09	3.50	1.55	0.56	2.08	2.35	18.17	1	3	98	201	Chris Mullin
3	0	1.3	0.00	0.00	0.000	0.00	0.00	0.000	0.00	0.00	0.000	0.00	0.33	0.33	0.33	0.00	0.00	0.33	0.00	0.00	2	5	120	211	Guy Rucker
57	10	12.0	1.00	2.60	0.385	0.18	0.42	0.417	0.18	0.35	0.500	0.28	1.09	1.37	0.82	0.51	0.11	0.98	0.51	2.35	5	3	100	201	Juaquin Hawkins
555	432	28.8	5.05	10.72	0.471	0.18	0.67	0.266	1.92	2.44	0.786	0.99	2.76	3.75	3.79	1.07	0.62	2.70	2.10	12.20	9	3	86	201	Willie Anderson
704	452	26.1	4.29	9.04	0.475	0.43	1.29	0.335	1.76	2.26	0.779	0.99	2.38	3.38	2.00	1.03	0.42	2.73	1.69	10.77	1	2	91	193	Blue Edwards
624	359	28.2	4.64	10.27	0.452	0.39	1.28	0.302	2.21	3.03	0.730	2.12	4.35	6.46	1.57	0.69	0.76	3.10	1.60	11.88	1	4	109	203	LaPhonso Ellis
1278	831	28.6	3.56	7.20	0.494	0.10	0.38	0.254	2.44	3.32	0.734	2.62	4.79	7.41	1.10	0.81	0.43	1.91	1.12	9.65	1	4	100	206	A.C. Green
724	480	29.8	5.40	12.04	0.448	0.54	1.53	0.355	2.46	2.82	0.873	0.59	2.42	3.00	6.09	1.58	0.31	1.83	1.96	13.80	1	1	82	180	Terrell Brandon
401	214	14.8	1.05	2.36	0.446	0.00	0.02	0.100	0.56	1.02	0.551	1.19	1.91	3.10	0.26	0.34	1.72	2.62	0.58	2.67	8	5	109	216	Jim McIlvaine
615	79	14.4	1.98	4.73	0.418	0.97	2.54	0.384	0.39	0.51	0.768	0.45	1.54	1.99	0.87	0.30	0.19	1.26	0.52	5.32	1	4	98	208	Matt Bullard
552	214	22.1	3.69	7.40	0.499	0.03	0.12	0.232	1.75	2.40	0.728	2.09	3.63	5.72	0.70	0.55	0.63	2.95	1.35	9.16	1	5	110	213	Matt Geiger
23	2	5.5	0.35	0.87	0.400	0.00	0.00	0.000	0.43	0.87	0.500	0.57	1.00	1.57	0.13	0.13	0.39	1.52	0.48	1.13	2	4	120	211	Alvin Jones
1274	732	27.8	4.26	9.21	0.463	1.02	2.64	0.386	2.69	3.22	0.836	0.56	2.48	3.04	5.62	1.25	0.14	1.73	2.09	12.23	1	1	88	191	Terry Porter
987	985	34.7	7.46	14.41	0.518	0.03	0.10	0.250	6.11	8.31	0.736	3.12	7.51	10.64	2.47	1.41	2.99	2.87	2.45	21.06	1	5	113	216	David Robinson
465	288	18.2	1.92	3.91	0.490	0.00	0.01	0.000	0.62	1.30	0.478	1.54	3.10	4.64	0.45	0.26	0.59	2.73	0.87	4.45	1	5	122	213	Eric Montross
1504	1300	31.8	4.68	9.08	0.515	0.56	1.46	0.384	3.18	3.85	0.826	0.64	2.05	2.69	10.51	2.17	0.21	2.62	2.82	13.11	1	1	77	185	John Stockton
690	354	24.6	4.44	8.80	0.504	0.03	0.12	0.244	1.22	1.70	0.718	2.15	4.93	7.07	0.94	0.74	0.33	2.35	1.19	10.12	1	4	104	206	Loy Vaught
866	420	27.2	4.56	11.07	0.412	1.41	4.15	0.340	1.96	2.55	0.769	0.48	1.98	2.46	3.56	1.10	0.12	2.65	1.77	12.50	1	2	82	191	John Starks
928	229	26.8	5.12	10.84	0.473	0.00	0.04	0.114	2.50	3.09	0.812	1.41	3.68	5.08	1.40	0.47	1.17	1.99	1.56	12.75	1	4	98	211	Thurl Bailey
929	527	28.4	5.21	10.65	0.489	0.00	0.02	0.000	3.26	4.19	0.776	2.28	4.61	6.89	1.17	0.73	0.65	2.16	1.85	13.67	1	4	104	206	Armen Gilliam
1077	909	31.5	5.51	11.10	0.496	0.77	1.91	0.403	2.76	3.15	0.877	0.85	2.53	3.39	4.90	1.43	0.21	2.20	1.83	14.54	1	2	86	191	Jeff Hornacek
694	265	17.2	2.47	5.02	0.491	0.03	0.14	0.227	0.98	1.40	0.699	0.96	2.14	3.10	0.79	0.33	0.31	1.70	0.77	5.94	1	3	97	201	Chucky Brown
700	86	19.7	4.01	7.81	0.513	0.07	0.29	0.249	2.25	3.41	0.660	1.78	3.56	5.34	0.66	0.66	0.54	2.67	1.53	10.33	1	4	100	208	Chris Gatling
563	424	31.7	6.36	14.36	0.443	1.18	3.37	0.352	2.79	3.44	0.812	1.20	2.65	3.85	2.73	0.65	0.24	2.36	2.53	16.71	9	2	98	196	J.R. Rider
260	136	23.8	3.01	6.91	0.436	0.02	0.17	0.140	1.20	1.68	0.715	0.65	2.25	2.90	1.61	0.88	0.43	2.22	1.54	7.25	7	3	98	201	Cedric Henderson
105	11	6.0	0.74	1.60	0.464	0.00	0.00	0.000	0.31	0.68	0.465	0.99	1.18	2.17	0.19	0.13	0.22	1.17	0.34	1.80	7	5	113	208	Shawnelle Scott
1018	944	34.5	5.89	12.80	0.460	0.97	2.55	0.382	3.36	3.99	0.843	0.66	1.50	2.16	4.53	0.89	0.08	1.79	2.05	16.11	1	2	86	191	Joe Dumars
1199	883	31.5	5.16	11.16	0.463	0.89	2.52	0.354	2.13	2.86	0.745	0.58	1.83	2.41	5.49	1.63	0.25	2.30	1.94	13.35	1	1	84	193	Derek Harper
25	0	5.6	0.72	1.76	0.409	0.00	0.00	0.000	0.20	0.24	0.833	0.48	0.68	1.16	0.12	0.08	0.12	0.88	0.16	1.64	5	5	115	213	John Coker
1183	815	28.7	6.80	14.06	0.484	0.04	0.13	0.295	2.81	3.98	0.706	2.69	4.60	7.30	1.85	1.06	0.55	3.24	1.86	16.45	1	4	100	206	Terry Cummings
1073	1012	36.6	7.86	14.54	0.541	0.50	1.88	0.266	5.92	8.05	0.735	3.97	7.72	11.69	3.93	1.54	0.83	3.06	3.14	22.14	1	4	114	198	Charles Barkley
319	111	20.9	4.14	9.10	0.455	0.18	0.62	0.284	2.49	3.25	0.765	1.12	2.68	3.79	1.27	0.37	0.16	1.87	1.25	10.94	1	4	107	208	Don MacLean
1	0	5.0	0.00	0.00	0.000	0.00	0.00	0.000	0.00	0.00	0.000	1.00	2.00	3.00	0.00	0.00	0.00	5.00	0.00	0.00	4	5	125	213	Trevor Winter
965	204	15.2	1.97	4.35	0.453	0.01	0.05	0.271	0.88	1.11	0.794	1.31	2.82	4.13	0.64	0.27	0.29	2.06	0.80	4.83	1	5	116	211	Joe Kleine
1286	757	28.5	4.28	9.32	0.459	0.66	1.83	0.362	2.70	3.34	0.811	1.81	4.15	5.96	1.53	0.86	0.73	2.46	1.23	11.92	1	4	107	206	Sam Perkins
56	1	15.4	1.66	4.00	0.415	0.98	2.48	0.396	0.55	0.62	0.886	0.18	0.98	1.16	1.30	0.43	0.04	1.02	0.61	4.86	2	2	84	191	Mike Penberthy
771	370	24.9	3.71	7.82	0.475	0.32	0.88	0.359	1.39	1.65	0.839	0.37	1.98	2.35	3.22	0.75	0.08	1.90	1.06	9.13	1	2	84	193	Vinny Del Negro
792	223	15.6	1.92	3.72	0.515	0.00	0.02	0.067	0.89	1.54	0.577	1.79	3.15	4.95	0.75	0.29	0.66	2.01	1.03	4.72	1	5	109	213	Will Perdue
296	47	17.3	2.12	4.99	0.426	0.81	1.97	0.409	0.79	0.90	0.887	0.44	1.36	1.80	1.76	0.44	0.04	1.36	1.03	5.85	8	2	86	191	Eldridge Recasner
943	622	30.7	5.91	12.91	0.458	1.29	3.57	0.362	1.58	2.18	0.723	1.23	3.82	5.05	2.80	0.72	0.21	2.73	2.07	14.70	1	3	100	203	Chuck Person
130	7	12.7	1.55	3.28	0.471	0.00	0.03	0.000	0.77	1.27	0.606	1.02	1.84	2.86	0.34	0.22	1.25	1.28	0.60	3.86	4	5	98	218	Keith Closs
432	164	19.3	3.00	6.72	0.446	0.02	0.12	0.176	1.59	2.37	0.670	1.43	3.27	4.70	1.25	0.50	0.52	2.24	1.62	7.60	1	5	116	208	Ike Austin
23	8	8.7	0.30	1.17	0.259	0.00	0.00	0.000	0.00	0.09	0.000	0.74	0.91	1.65	0.09	0.13	0.48	1.74	0.22	0.61	6	5	113	211	Will Cunningham
6	0	12.7	0.50	2.33	0.214	0.17	0.83	0.200	0.67	1.00	0.667	0.00	0.83	0.83	0.67	0.00	0.00	1.00	0.67	1.83	2	2	95	193	Ike Fontaine
549	133	17.3	2.46	5.36	0.459	0.25	0.70	0.359	1.10	1.41	0.783	0.34	1.01	1.35	3.09	1.05	0.04	1.29	1.42	6.28	1	1	68	183	Elliot Perry
541	262	17.4	1.90	3.75	0.507	0.00	0.01	0.286	1.09	1.76	0.618	1.47	2.73	4.20	0.45	0.41	1.42	2.72	0.92	4.89	1	5	109	213	Duane Causwell
609	313	24.2	5.61	11.20	0.500	0.39	1.25	0.309	2.68	3.56	0.753	2.06	3.29	5.35	1.19	0.74	0.30	1.76	1.63	14.27	1	3	86	198	Cedric Ceballos
9	1	10.9	1.11	2.11	0.526	0.00	0.11	0.000	0.00	0.11	0.000	0.67	1.33	2.00	0.56	0.44	0.00	1.11	0.22	2.22	4	4	100	203	Tang Hamilton
259	105	19.4	2.75	6.88	0.400	1.27	3.39	0.374	0.99	1.19	0.831	0.42	1.64	2.06	1.30	0.63	0.14	1.77	0.85	7.76	8	3	100	201	Sam Mack
687	60	15.2	2.05	4.28	0.480	0.00	0.02	0.000	1.16	1.68	0.691	1.07	2.20	3.26	0.55	0.24	0.20	1.81	0.77	5.26	1	4	98	206	Tom Hammonds
203	115	22.3	3.83	8.40	0.456	0.00	0.06	0.083	2.06	3.34	0.618	2.06	2.98	5.04	0.58	0.40	1.00	2.77	1.75	9.72	6	4	118	211	Sharone Wright
467	379	28.7	4.19	9.46	0.443	0.73	1.88	0.390	1.92	2.60	0.738	0.88	2.27	3.15	2.67	1.27	0.30	2.37	1.52	11.03	8	2	98	196	Bobby Phills
1257	989	31.7	5.47	10.02	0.546	0.00	0.05	0.047	3.07	4.46	0.687	2.74	5.51	8.25	2.17	0.67	0.40	3.30	2.21	14.00	1	4	102	206	Otis Thorpe
608	267	27.7	4.18	9.58	0.436	1.00	2.79	0.357	1.76	2.14	0.825	0.52	2.06	2.58	3.66	1.32	0.34	2.08	1.49	11.12	1	1	73	185	Dee Brown
1183	1122	34.3	8.20	16.27	0.504	0.02	0.11	0.152	4.56	6.16	0.740	2.33	7.49	9.81	1.87	0.96	2.45	3.41	2.99	20.98	1	5	109	213	Patrick Ewing
900	653	29.0	5.28	11.72	0.450	0.46	1.45	0.319	2.01	2.69	0.746	1.09	1.86	2.95	2.99	1.00	0.22	2.06	1.87	13.02	1	2	84	198	Gerald Wilkins
666	491	29.3	5.58	12.97	0.430	1.21	3.45	0.350	2.24	2.80	0.800	0.57	1.90	2.47	2.70	0.89	0.19	1.84	1.55	14.61	1	2	84	193	Rex Chapman
910	30	17.8	2.24	4.68	0.479	0.80	1.76	0.454	0.69	0.80	0.864	0.20	0.96	1.16	1.82	0.52	0.05	0.93	0.55	5.97	1	2	79	191	Steve Kerr
742	712	33.0	5.19	11.17	0.465	0.79	2.12	0.375	3.03	3.79	0.800	1.10	3.21	4.32	2.56	0.78	0.38	2.19	1.79	14.21	1	3	93	203	Sean Elliott
474	245	24.5	3.85	7.55	0.510	0.00	0.04	0.050	1.77	2.58	0.689	2.29	4.39	6.69	1.46	0.62	1.59	3.15	1.68	9.48	1	5	95	206	Pervis Ellison
4	0	4.0	0.25	1.25	0.200	0.00	0.00	0.000	0.00	0.50	0.000	0.50	0.00	0.50	0.25	0.00	0.25	0.25	0.50	0.50	3	5	143	218	Garth Joseph
477	6	12.1	1.31	3.04	0.431	0.30	0.79	0.384	1.07	1.27	0.837	0.29	0.77	1.05	2.09	0.38	0.04	1.25	0.90	3.99	1	1	84	185	John Crotty
678	607	31.6	5.38	11.12	0.484	0.01	0.05	0.188	3.97	5.84	0.679	3.16	6.32	9.47	1.27	0.67	1.29	3.45	2.82	14.74	1	5	104	211	Rony Seikaly
3	0	5.0	1.67	3.33	0.500	0.33	1.33	0.250	0.67	0.67	1.000	0.67	0.67	1.33	0.33	0.00	0.00	1.00	0.33	4.33	2	3	97	201	Korleone Young
47	0	5.8	0.79	2.09	0.378	0.00	0.02	0.000	0.57	1.00	0.574	0.66	1.06	1.72	0.19	0.28	0.17	1.38	0.43	2.15	8	5	113	211	Robert Werdann
1138	427	19.3	2.63	5.47	0.481	0.00	0.03	0.133	2.45	3.04	0.806	1.60	3.38	4.98	1.14	0.49	0.74	3.07	1.38	7.72	1	5	107	211	Danny Schayes
110	25	9.1	0.78	1.97	0.396	0.00	0.00	0.000	0.55	0.97	0.570	0.92	1.64	2.55	0.04	0.11	0.64	1.63	0.87	2.12	5	5	122	216	Yinka Dare
1140	733	26.1	2.91	5.66	0.514	0.00	0.02	0.000	1.44	2.17	0.664	2.83	4.75	7.58	0.93	0.92	0.64	2.26	1.02	7.26	1	4	102	206	Michael Cage
1074	995	35.5	9.28	20.10	0.461	0.66	2.08	0.319	5.62	6.93	0.811	2.74	3.93	6.67	2.49	1.28	0.60	1.92	2.49	24.83	1	3	91	201	Dominique Wilkins
626	113	17.5	1.80	3.96	0.455	0.00	0.01	0.125	1.40	2.03	0.690	1.49	2.92	4.41	0.68	0.40	0.27	2.19	1.03	5.00	1	4	117	206	Mike Brown
649	271	22.4	3.95	7.87	0.502	0.35	0.98	0.360	1.24	1.53	0.810	0.57	1.67	2.24	2.00	0.72	0.27	1.89	0.90	9.48	1	3	95	196	Kevin Gamble
1090	548	18.5	2.32	4.00	0.580	0.00	0.00	0.000	1.10	1.94	0.568	1.64	3.27	4.91	0.39	0.30	1.29	2.88	1.11	5.74	1	5	104	208	Mark West
720	88	13.5	1.92	4.17	0.459	0.01	0.05	0.139	0.75	0.95	0.787	0.96	2.03	2.98	0.61	0.31	0.34	2.33	0.61	4.58	1	5	111	213	Bill Wennington
224	172	32.6	6.77	13.62	0.497	0.00	0.01	0.000	3.13	4.26	0.735	2.22	6.19	8.41	1.59	0.90	1.26	3.33	2.21	16.67	4	4	116	211	Dino Radja
807	614	27.2	4.45	8.95	0.497	0.00	0.03	0.048	2.54	3.51	0.721	1.81	5.71	7.51	1.32	0.65	1.96	2.84	2.29	11.43	1	5	113	213	Benoit Benjamin
639	483	30.4	4.77	10.75	0.444	0.56	1.70	0.329	0.99	1.52	0.652	0.68	2.15	2.83	6.54	1.28	0.17	1.77	1.82	11.08	1	1	82	185	Pooh Richardson
413	204	24.2	4.47	8.47	0.528	0.00	0.03	0.143	2.03	2.94	0.691	2.07	4.14	6.21	1.07	0.77	0.86	3.14	1.99	10.98	8	5	107	211	Bison Dele
911	573	31.7	3.04	5.83	0.521	0.09	0.39	0.231	1.17	2.01	0.584	4.75	8.37	13.12	1.76	0.67	0.58	3.12	1.63	7.34	1	4	95	201	Dennis Rodman
217	33	9.0	1.18	2.92	0.404	0.00	0.04	0.125	0.34	0.53	0.638	0.77	1.70	2.47	0.43	0.14	0.54	1.48	0.55	2.71	1	5	118	216	Dwayne Schintzius
33	7	10.4	1.33	3.33	0.400	0.00	0.00	0.000	0.58	1.24	0.463	1.24	2.15	3.39	0.48	0.12	0.70	1.12	1.12	3.24	7	5	150	218	Thomas Hamilton
1199	480	27.2	6.44	13.65	0.472	0.47	1.40	0.335	2.66	3.16	0.840	1.49	2.54	4.03	2.13	0.62	0.15	2.47	1.73	16.02	1	3	98	201	Eddie Johnson
197	1	8.1	0.83	1.72	0.485	0.00	0.02	0.000	0.31	0.70	0.453	0.91	1.60	2.52	0.17	0.28	0.21	1.37	0.64	1.98	8	4	120	203	Adrian Caldwell
402	65	18.2	2.69	6.55	0.411	0.82	2.16	0.378	1.85	2.37	0.779	0.36	1.10	1.46	2.57	0.53	0.09	2.06	1.53	8.05	7	2	86	193	Terry Dehere
1611	1134	28.4	5.97	11.12	0.537	0.00	0.00	0.000	2.55	3.53	0.721	2.85	6.28	9.13	1.35	0.76	1.46	2.76	2.07	14.48	2	5	104	213	Robert Parish
438	63	16.9	2.45	5.11	0.478	0.01	0.04	0.235	1.54	2.17	0.707	1.36	1.97	3.33	0.88	0.39	0.48	2.07	1.21	6.44	1	4	113	211	Stacey King
15	2	6.1	0.53	1.53	0.348	0.00	0.07	0.000	0.20	0.27	0.750	0.40	0.27	0.67	0.00	0.07	0.13	1.40	0.40	1.27	1	5	122	218	Luther Wright
193	18	13.0	1.87	4.64	0.403	0.00	0.05	0.000	1.34	2.01	0.667	0.98	1.69	2.68	0.32	0.33	0.65	1.82	0.88	5.08	4	4	109	208	Acie Earl
22	0	3.1	0.64	1.68	0.378	0.00	0.09	0.000	0.18	0.36	0.500	0.55	0.55	1.09	0.05	0.00	0.14	0.41	0.09	1.45	4	5	112	208	Malcolm Mackey
8	0	3.4	0.50	1.25	0.400	0.00	0.00	0.000	0.75	1.12	0.667	0.38	0.50	0.88	0.25	0.00	0.00	0.50	0.25	1.75	3	5	119	213	Geert Hammink
1168	468	24.3	4.97	10.04	0.495	0.00	0.02	0.048	2.79	3.99	0.698	1.54	3.60	5.14	1.28	0.36	0.74	3.46	1.65	12.72	1	5	102	213	James Edwards
200	47	18.7	3.46	7.52	0.460	0.12	0.37	0.311	1.97	2.51	0.785	0.95	1.21	2.16	1.23	0.40	0.14	1.85	1.39	9.01	5	2	95	196	Harold Miner
157	75	16.8	2.48	4.80	0.516	0.00	0.02	0.000	0.92	1.59	0.580	0.81	2.73	3.54	0.69	0.34	1.08	2.14	1.59	5.88	5	5	122	213	Elmore Spencer
44	0	4.9	1.07	1.91	0.560	0.07	0.16	0.429	0.25	0.39	0.647	0.30	0.39	0.68	0.32	0.30	0.02	0.55	0.61	2.45	2	3	107	198	Marko Milic
23	0	4.5	0.91	2.39	0.382	0.39	0.87	0.450	0.35	0.61	0.571	0.30	0.30	0.61	0.13	0.26	0.13	0.52	0.35	2.57	4	2	89	193	James Collins
24	0	8.5	0.62	2.12	0.294	0.25	0.96	0.261	0.62	0.83	0.750	0.12	0.75	0.88	0.75	0.21	0.04	0.75	0.50	2.12	1	2	84	188	Marlon Garnett
592	127	16.3	1.80	4.26	0.423	0.03	0.19	0.164	0.56	0.73	0.770	1.01	2.26	3.27	1.01	0.43	0.22	2.16	0.86	4.20	1	5	104	211	Joe Wolf
2	0	2.0	1.00	1.50	0.667	0.00	0.00	0.000	0.00	0.00	0.000	1.00	0.50	1.50	0.00	0.00	0.00	0.00	1.00	2.00	1	3	91	201	Kelly McCarty
127	0	7.0	1.01	2.28	0.443	0.05	0.31	0.154	0.55	0.76	0.722	0.62	0.64	1.26	0.44	0.19	0.06	0.75	0.42	2.61	6	4	107	206	Mark Randall
251	105	20.0	2.76	7.20	0.384	0.14	0.50	0.270	1.05	1.43	0.735	0.69	1.17	1.86	1.71	1.39	0.08	2.34	1.29	6.71	6	2	84	193	Mark Macon
680	7	13.6	1.81	4.03	0.450	0.42	1.13	0.372	0.83	0.98	0.849	0.23	0.78	1.01	2.36	0.71	0.04	1.22	0.66	4.88	1	1	75	180	Scott Brooks
1073	717	28.1	5.52	11.43	0.482	0.72	1.95	0.370	2.32	2.78	0.833	0.63	2.15	2.78	2.54	1.14	0.26	1.91	1.49	14.07	1	2	88	191	Byron Scott
2	0	2.5	0.50	1.00	0.500	0.00	0.00	0.000	0.00	0.00	0.000	0.50	0.50	1.00	0.00	0.50	0.50	2.00	1.00	1.00	2	5	118	208	Peter Aluma
170	73	12.1	1.16	2.43	0.477	0.00	0.00	0.000	0.46	0.78	0.598	0.91	2.13	3.04	0.35	0.13	1.05	1.87	0.78	2.78	5	5	115	216	Stojko Vrankovic
747	436	25.1	4.21	9.55	0.441	0.67	2.18	0.306	1.87	2.54	0.739	2.03	2.71	4.74	1.58	1.23	0.72	2.34	1.57	10.96	1	3	95	203	Chris Morris
722	579	29.9	5.46	11.56	0.472	1.35	3.36	0.402	2.96	3.27	0.904	0.57	1.99	2.56	6.72	1.19	0.11	1.34	2.48	15.22	1	1	77	183	Mark Price
10	0	11.3	1.60	3.70	0.432	0.00	0.60	0.000	0.80	1.00	0.800	0.30	0.50	0.80	1.70	0.90	0.00	1.20	0.80	4.00	3	2	94	191	Ruben Nembhard
873	321	24.1	3.41	7.54	0.453	0.71	1.93	0.369	1.05	1.52	0.689	1.14	2.45	3.60	2.81	1.13	0.27	1.94	1.40	8.58	1	2	82	198	Craig Ehlo
1102	607	25.8	4.57	9.78	0.467	0.01	0.08	0.095	1.69	2.43	0.696	1.47	4.43	5.91	1.68	0.55	1.46	2.61	1.75	10.84	1	5	110	208	Herb Williams
1307	1140	32.5	4.90	8.92	0.549	0.00	0.02	0.161	3.04	4.57	0.664	3.46	6.49	9.95	1.26	0.83	0.84	3.26	2.13	12.84	1	4	98	203	Buck Williams
28	2	5.1	0.82	1.75	0.469	0.04	0.11	0.333	0.39	0.64	0.611	0.29	1.00	1.29	0.18	0.39	0.29	1.39	0.71	2.07	4	5	129	211	Horacio Llamas
414	264	25.1	3.55	7.66	0.464	0.12	0.51	0.227	3.73	4.30	0.868	0.72	1.81	2.54	5.76	1.73	0.23	2.60	2.27	10.95	1	1	79	188	Micheal Williams
454	307	29.7	4.94	11.41	0.433	0.09	0.31	0.305	2.88	3.73	0.771	1.76	4.48	6.24	3.30	1.13	0.80	2.44	2.16	12.85	7	3	95	201	Lionel Simmons
57	1	10.4	1.32	3.16	0.417	0.02	0.09	0.200	0.46	0.81	0.565	1.12	1.74	2.86	0.26	0.26	0.35	1.51	0.40	3.11	2	4	102	206	Ray Owes
564	419	29.0	5.31	11.17	0.475	0.03	0.16	0.194	3.73	4.82	0.774	2.11	3.64	5.76	1.41	0.82	1.40	3.45	1.84	14.37	1	4	104	208	Charles Daniel Smith
101	2	9.2	0.77	2.25	0.344	0.20	0.60	0.328	0.33	0.66	0.493	0.23	0.58	0.81	1.09	0.50	0.14	1.30	0.56	2.07	4	2	85	188	Reggie Geary
680	315	20.7	2.96	6.01	0.492	0.00	0.03	0.087	1.37	2.45	0.557	2.11	4.14	6.24	0.57	0.71	0.87	2.56	1.36	7.28	1	4	104	208	Cadillac Anderson
200	29	17.7	2.77	6.87	0.403	0.76	2.40	0.316	0.77	1.03	0.743	0.92	1.28	2.20	1.56	0.51	0.30	1.49	1.05	7.05	5	3	93	201	Lloyd Daniels
118	4	10.0	1.31	3.39	0.388	0.04	0.19	0.227	0.63	0.89	0.705	0.26	0.78	1.04	0.97	0.38	0.05	1.03	0.66	3.30	5	2	95	193	Brian Oliver
8	0	3.2	0.38	0.75	0.500	0.00	0.00	0.000	0.00	0.00	0.000	0.38	0.38	0.75	0.12	0.25	0.12	1.00	0.38	0.75	2	4	88	203	Reggie Hanson
212	24	12.8	2.23	5.37	0.414	0.72	1.90	0.378	0.92	1.14	0.810	0.50	1.00	1.50	0.41	0.23	0.08	1.44	0.63	6.09	8	4	100	203	Henry James
504	88	16.8	1.91	4.04	0.473	0.00	0.03	0.000	2.45	3.18	0.770	1.10	1.74	2.84	0.99	0.49	0.20	1.72	1.08	6.27	1	4	95	203	Donald Royal
336	126	18.1	3.02	6.98	0.432	0.33	0.97	0.344	1.21	1.98	0.611	0.49	1.32	1.80	3.51	0.90	0.16	1.78	1.73	7.58	8	1	88	188	Rumeal Robinson
784	379	20.9	1.84	3.92	0.470	0.02	0.11	0.226	0.78	1.31	0.597	1.36	3.56	4.92	1.00	0.69	1.01	3.16	0.79	4.49	1	5	113	213	Jon Koncak
1086	950	34.6	7.67	16.27	0.472	0.76	2.40	0.318	4.33	5.49	0.788	2.41	3.74	6.15	5.64	2.03	0.66	3.02	2.75	20.44	1	2	95	201	Clyde Drexler
50	9	10.2	1.42	2.84	0.500	0.00	0.02	0.000	0.70	1.12	0.625	0.86	1.34	2.20	0.50	0.38	0.28	1.82	0.66	3.54	7	4	107	211	Matt Fish
870	529	29.0	6.52	13.43	0.486	0.09	0.32	0.262	2.51	3.50	0.717	2.39	3.71	6.11	2.04	0.91	0.48	2.94	2.17	15.64	1	4	93	201	Xavier McDaniel
1156	463	20.8	2.24	4.29	0.522	0.00	0.01	0.000	0.92	1.32	0.700	1.86	3.98	5.84	0.57	0.44	2.20	2.92	0.91	5.41	1	5	107	216	Tree Rollins
36	0	7.0	0.69	1.61	0.431	0.00	0.00	0.000	0.25	0.36	0.692	0.72	1.17	1.89	0.19	0.14	0.14	0.94	0.25	1.64	2	5	120	208	Mark Bradtke
1107	744	30.6	6.66	14.23	0.468	0.21	0.67	0.307	4.58	5.67	0.807	1.75	4.30	6.06	2.06	0.80	0.57	3.38	2.30	18.11	1	4	100	208	Tom Chambers
840	534	28.4	6.35	12.59	0.505	0.00	0.03	0.000	2.62	3.45	0.760	1.92	4.17	6.09	1.28	0.55	0.60	3.33	1.68	15.33	1	4	109	206	Wayman Tisdale
39	0	6.2	0.33	1.18	0.283	0.00	0.00	0.000	0.41	0.62	0.667	0.28	0.87	1.15	0.33	0.05	0.62	0.74	0.44	1.08	5	5	105	213	Kevin Salvadori
1	0	4.0	0.00	0.00	0.000	0.00	0.00	0.000	0.00	0.00	0.000	1.00	0.00	1.00	0.00	0.00	0.00	1.00	2.00	0.00	2	5	105	208	Michael McDonald
178	7	13.4	1.66	3.47	0.479	0.01	0.03	0.200	0.82	1.42	0.577	0.87	1.78	2.64	0.58	0.44	0.44	1.95	0.75	4.15	9	3	111	198	Bob McCann
4	0	4.2	0.25	0.75	0.333	0.00	0.00	0.000	0.25	0.50	0.500	0.25	0.75	1.00	0.25	0.25	0.50	1.00	0.50	0.75	4	5	120	213	Ed Stokes
441	87	20.2	4.10	9.23	0.445	0.31	0.93	0.336	2.33	3.03	0.767	0.82	1.40	2.22	1.68	0.56	0.07	1.80	1.36	10.85	9	2	100	196	Ledell Eackles
61	3	8.1	1.05	2.79	0.376	0.00	0.00	0.000	1.00	1.52	0.656	0.74	1.05	1.79	0.25	0.25	0.16	1.21	0.66	3.10	2	4	110	203	Junior Burrough
30	2	6.5	1.00	2.87	0.349	0.20	0.80	0.250	0.43	0.87	0.500	0.40	0.43	0.83	0.53	0.43	0.17	0.63	0.73	2.63	3	3	89	196	Donnie Boyce
35	3	7.7	0.86	1.63	0.526	0.00	0.06	0.000	0.46	0.83	0.552	0.49	1.23	1.71	0.20	0.06	0.11	1.11	0.37	2.17	1	5	111	213	Steve Hamer
3	0	2.3	0.33	0.67	0.500	0.00	0.00	0.000	0.00	0.67	0.000	0.67	0.00	0.67	0.00	0.00	0.33	1.33	0.33	0.67	2	5	120	213	Charles Claxton
23	0	6.2	0.96	2.39	0.400	0.00	0.00	0.000	0.52	1.00	0.522	0.57	0.74	1.30	0.39	0.26	0.13	1.43	0.30	2.43	2	4	118	203	Evers Burns
11	0	10.4	1.45	4.73	0.308	0.09	0.91	0.100	0.18	0.36	0.500	0.73	1.09	1.82	0.91	0.27	0.00	0.64	0.82	3.18	2	2	86	185	Alphonso Ford
55	2	9.3	1.47	3.55	0.415	0.04	0.09	0.400	0.33	0.51	0.643	0.58	1.13	1.71	0.18	0.13	0.15	1.20	0.44	3.31	5	5	115	211	Rich Manning
14	0	4.1	0.43	1.00	0.429	0.00	0.07	0.000	0.07	0.14	0.500	0.50	0.43	0.93	0.21	0.00	0.14	0.79	0.36	0.93	1	5	118	211	Kevin Thompson
68	19	10.4	1.24	2.22	0.556	0.00	0.01	0.000	0.38	0.72	0.531	0.75	1.84	2.59	0.38	0.28	0.40	2.22	0.56	2.85	4	5	122	211	Mike Peplowski
731	406	22.3	3.93	7.58	0.519	0.08	0.23	0.324	2.05	2.77	0.740	1.38	3.29	4.66	1.89	0.88	0.39	3.14	1.88	9.99	1	4	109	206	Frank Brickowski
15	0	8.8	0.87	2.87	0.302	0.00	0.60	0.000	0.67	0.93	0.714	0.80	0.67	1.47	0.40	0.20	0.13	0.67	0.40	2.40	2	3	98	196	Nate Driggers
70	24	9.5	0.77	1.73	0.446	0.00	0.01	0.000	0.64	0.87	0.738	0.80	1.56	2.36	0.24	0.23	0.46	1.70	0.59	2.19	3	5	104	211	Brett Szabo
405	405	35.5	8.41	16.11	0.522	0.10	0.38	0.273	4.67	7.08	0.660	2.57	7.04	9.61	4.03	0.97	0.61	3.07	2.48	21.60	6	4	114	208	Blake Griffin
224	20	10.5	0.81	1.43	0.567	0.00	0.00	0.000	0.53	0.92	0.578	0.91	1.75	2.66	0.12	0.26	0.82	2.02	0.55	2.16	5	5	120	221	Hasheem Thabeet
484	271	32.7	5.96	13.51	0.441	2.00	5.46	0.367	6.31	7.38	0.855	0.71	3.68	4.39	4.60	1.44	0.44	2.48	2.83	20.24	6	2	100	196	James Harden
163	90	22.9	3.38	8.46	0.400	0.72	2.14	0.338	1.74	2.15	0.809	0.27	1.61	1.88	3.89	0.75	0.04	1.10	2.34	9.23	3	1	89	178	Jonny Flynn
356	111	19.0	3.33	6.74	0.495	0.01	0.06	0.136	1.32	1.88	0.701	2.23	3.76	6.00	0.76	0.37	0.68	2.19	1.02	7.99	6	4	107	208	Jordan Hill
414	292	26.9	4.44	10.07	0.441	0.38	1.20	0.316	2.48	3.13	0.792	0.62	2.70	3.32	2.03	0.69	0.37	1.77	1.28	11.74	6	2	98	196	Gerald Henderson
399	50	17.5	2.33	5.29	0.440	0.01	0.05	0.143	2.39	3.21	0.744	1.79	2.58	4.37	0.45	0.50	0.22	2.08	0.78	7.05	6	4	113	206	Tyler Hansbrough
189	66	18.2	2.95	7.23	0.408	0.59	1.84	0.319	0.92	1.30	0.706	1.06	3.12	4.18	0.81	0.39	0.52	1.77	0.99	7.40	5	5	125	213	Byron Mullens
445	318	30.7	4.90	10.62	0.462	0.95	2.59	0.366	2.96	3.86	0.769	0.66	2.18	2.84	6.44	1.20	0.10	1.65	2.22	13.72	6	1	88	180	Ty Lawson
468	333	25.9	4.27	9.54	0.448	0.73	2.12	0.343	2.49	2.96	0.840	0.31	1.78	2.09	5.07	1.18	0.34	1.82	2.12	11.75	6	1	84	188	Jeff Teague
83	7	9.9	1.24	3.23	0.384	0.35	0.95	0.367	0.52	0.81	0.642	0.29	0.70	0.99	0.35	0.22	0.10	1.25	0.45	3.35	4	4	109	203	DaJuan Summers
406	73	19.0	2.63	6.34	0.415	0.93	2.46	0.377	0.67	0.80	0.846	0.35	1.69	2.04	1.05	0.46	0.07	1.05	0.69	6.86	6	2	91	193	Wayne Ellington
129	7	15.6	1.91	4.33	0.441	0.23	0.81	0.288	0.53	0.91	0.581	0.33	1.56	1.88	2.74	1.00	0.10	1.68	1.26	4.57	2	2	97	198	Nick Calathes
417	132	24.4	4.65	10.83	0.429	1.59	4.40	0.363	1.69	2.03	0.830	0.88	2.00	2.88	1.41	0.87	0.13	1.53	1.04	12.58	6	2	93	193	Marcus Thornton
31	0	6.4	0.71	2.00	0.355	0.29	1.00	0.290	0.58	0.77	0.750	0.42	0.81	1.23	0.26	0.06	0.10	0.61	0.19	2.29	1	2	93	196	Dionte Christmas
445	302	29.3	4.60	9.90	0.465	0.74	2.01	0.366	2.50	2.94	0.850	0.49	2.21	2.70	4.92	1.11	0.16	1.64	2.18	12.44	6	1	79	183	Darren Collison
6	0	6.1	0.50	1.83	0.273	0.17	0.33	0.500	0.33	0.33	1.000	0.00	0.50	0.50	0.33	0.50	0.17	0.83	0.83	1.50	3	2	91	191	Jerel McNeal
153	17	14.0	1.73	3.64	0.474	0.00	0.01	0.000	1.18	1.88	0.628	1.44	2.86	4.31	0.65	0.33	0.52	1.69	0.59	4.63	5	3	111	201	Jeff Adrien
355	289	24.6	3.28	7.58	0.432	1.85	4.51	0.411	0.92	1.11	0.830	0.56	2.83	3.39	1.55	0.98	0.76	1.59	1.07	9.33	6	3	98	198	Danny Green
45	0	6.3	0.91	1.36	0.672	0.00	0.00	0.000	0.33	1.00	0.333	0.73	0.64	1.38	0.22	0.11	0.22	0.87	0.44	2.16	2	5	115	211	Viacheslav Kravtsov
150	10	10.5	0.79	1.61	0.488	0.00	0.01	0.000	0.56	0.91	0.618	1.41	1.73	3.15	0.33	0.22	0.06	1.78	0.38	2.13	3	4	116	201	Jon Brockman
42	1	10.8	0.79	2.62	0.300	0.19	1.12	0.170	0.50	0.74	0.677	0.52	1.31	1.83	0.83	0.26	0.12	1.21	1.00	2.26	2	3	86	196	Terrel Harris
71	1	8.4	1.08	1.93	0.562	0.00	0.00	0.000	0.72	1.03	0.699	0.66	1.20	1.86	0.18	0.23	0.65	1.45	0.54	2.89	3	5	95	211	Chris Johnson
361	198	22.1	2.54	5.93	0.428	0.49	1.49	0.331	1.45	1.90	0.765	0.96	2.33	3.29	1.09	0.94	0.26	1.90	1.14	7.03	6	3	102	198	Alonzo Gee
21	0	4.8	0.81	1.48	0.548	0.00	0.00	0.000	0.52	1.05	0.500	0.76	0.57	1.33	0.14	0.05	0.19	0.95	0.48	2.14	2	5	138	211	Garret Siler
178	127	27.1	3.15	7.85	0.401	1.61	4.40	0.365	0.99	1.26	0.782	1.11	2.30	3.42	2.90	1.14	0.43	2.92	1.27	8.89	3	1	84	185	Patrick Beverley
16	0	3.6	0.56	1.62	0.346	0.06	0.31	0.200	0.00	0.00	0.000	0.06	0.56	0.62	0.19	0.00	0.00	0.31	0.00	1.19	1	5	111	211	Luke Zeller
83	16	13.0	1.80	4.82	0.372	0.42	1.35	0.312	0.70	1.07	0.652	0.24	0.80	1.04	1.77	0.34	0.02	1.11	1.16	4.71	2	1	99	188	Jeremy Pargo
4	0	4.6	0.50	0.75	0.667	0.00	0.00	0.000	0.00	0.00	0.000	0.00	0.75	0.75	0.00	0.00	0.25	0.25	0.25	1.00	1	5	116	211	Marcus Cousin
1	0	14.6	1.00	3.00	0.333	0.00	0.00	0.000	0.00	0.00	0.000	1.00	0.00	1.00	0.00	0.00	0.00	1.00	1.00	2.00	1	2	98	198	Antonio Anderson
169	21	12.7	1.95	3.83	0.509	0.01	0.04	0.167	0.83	1.02	0.809	1.34	2.29	3.63	0.56	0.17	0.26	1.85	0.82	4.74	3	5	118	208	Aron Baynes
19	0	11.5	1.00	2.26	0.442	0.42	0.95	0.444	0.37	0.68	0.538	0.16	1.32	1.47	0.63	0.47	0.32	1.47	0.37	2.79	2	3	98	201	Larry Owens
203	42	15.0	1.33	2.61	0.509	0.00	0.00	0.000	0.51	0.72	0.705	0.94	2.41	3.35	0.48	0.58	1.14	2.52	0.70	3.16	5	5	108	211	Greg Stiemsma
235	57	18.8	2.74	6.71	0.409	0.80	2.25	0.353	1.12	1.22	0.916	0.20	1.31	1.51	2.67	0.49	0.07	1.36	0.97	7.40	3	1	78	185	Brian Roberts
113	29	17.4	2.04	5.22	0.392	0.96	3.04	0.314	1.22	1.67	0.730	1.02	2.50	3.52	0.95	0.33	0.23	2.28	0.92	6.27	2	5	118	211	Pero Antic
20	0	3.3	0.35	1.25	0.280	0.10	0.50	0.200	0.05	0.05	1.000	0.00	0.25	0.25	0.40	0.10	0.00	0.10	0.20	0.85	1	1	93	180	Sherron Collins
28	0	12.8	1.18	3.43	0.344	0.14	0.46	0.308	0.50	0.79	0.636	0.25	0.68	0.93	2.07	0.64	0.04	1.04	1.18	3.00	1	1	79	183	Walker Russell
1	0	21.5	3.00	6.00	0.500	1.00	2.00	0.500	0.00	0.00	0.000	1.00	3.00	4.00	2.00	0.00	0.00	0.00	1.00	7.00	1	2	86	191	Oliver Lafayette
3	0	1.5	0.33	0.67	0.500	0.00	0.00	0.000	0.00	0.00	0.000	0.00	0.00	0.00	0.00	0.00	0.00	0.00	0.33	0.67	1	1	95	185	Chris Wright
205	18	10.1	1.27	2.51	0.506	0.00	0.00	0.000	0.51	0.67	0.761	0.97	2.39	3.36	0.53	0.33	0.70	1.38	0.60	3.05	5	5	113	211	Cole Aldrich
386	82	21.4	3.04	5.42	0.561	0.00	0.00	0.000	1.10	1.98	0.558	2.26	4.12	6.37	0.83	0.53	0.98	2.41	0.79	7.19	5	4	102	208	Ed Davis
249	126	20.0	3.14	6.19	0.506	0.00	0.02	0.000	1.53	1.98	0.773	1.69	3.23	4.92	1.01	0.29	0.65	2.51	0.99	7.80	3	5	113	213	Tyler Zeller
2	0	3.4	0.00	2.00	0.000	0.00	1.00	0.000	0.50	1.00	0.500	0.00	0.00	0.00	0.50	0.50	0.00	0.00	0.00	0.50	1	3	93	201	Scotty Hopson
233	30	12.8	1.51	3.77	0.399	0.94	2.37	0.396	0.28	0.39	0.722	0.30	1.89	2.20	0.49	0.22	0.15	1.25	0.44	4.23	5	3	102	206	Luke Babbitt
56	3	12.2	1.84	3.62	0.507	0.11	0.34	0.316	0.95	1.20	0.791	1.16	2.20	3.36	0.32	0.30	0.25	1.79	0.89	4.73	1	4	103	206	JaMychal Green
148	62	17.6	1.57	4.19	0.376	0.39	1.23	0.319	0.59	0.94	0.633	0.76	2.43	3.19	0.62	0.79	0.39	2.20	0.68	4.14	3	3	103	203	Chris Singleton
371	349	31.2	7.07	15.39	0.460	0.09	0.40	0.238	4.99	6.82	0.731	3.12	7.54	10.65	2.64	1.37	1.14	3.90	3.34	19.23	5	5	122	211	DeMarcus Cousins
120	59	22.2	2.31	5.94	0.388	0.79	2.39	0.331	1.64	2.02	0.814	0.47	2.84	3.31	1.62	0.55	0.62	2.25	0.75	7.05	2	4	104	211	Ryan Kelly
310	237	26.3	4.44	10.18	0.436	1.07	2.92	0.367	1.00	1.27	0.784	0.56	1.95	2.51	1.53	0.98	0.21	2.07	1.32	10.95	5	1	82	188	Avery Bradley
373	361	35.9	6.43	14.91	0.431	0.71	2.27	0.312	4.21	5.34	0.789	0.56	3.80	4.36	8.74	1.68	0.63	2.37	3.74	17.77	5	1	88	193	John Wall
300	186	25.5	3.40	7.67	0.443	0.61	2.04	0.301	1.05	1.57	0.669	0.70	3.59	4.29	3.12	0.72	0.13	1.97	1.79	8.46	5	2	104	196	Lance Stephenson
233	113	19.8	2.87	5.97	0.480	0.00	0.02	0.000	0.77	1.40	0.550	2.03	3.73	5.76	0.75	0.65	1.83	2.84	0.95	6.51	5	4	107	211	Larry Sanders
24	0	9.3	0.75	2.38	0.316	0.29	1.04	0.280	0.46	0.62	0.733	0.08	0.50	0.58	1.42	0.38	0.04	1.12	0.75	2.25	1	1	84	183	Peyton Siva
29	1	7.3	0.93	3.10	0.300	0.24	1.07	0.226	0.59	0.66	0.895	0.03	0.28	0.31	1.00	0.28	0.00	1.03	0.52	2.69	2	1	88	185	Maalik Wayns
2	0	3.5	0.00	1.00	0.000	0.00	0.50	0.000	0.00	0.00	0.000	1.00	0.00	1.00	0.50	0.00	0.00	0.50	0.00	0.00	1	4	102	208	David Wear
51	1	13.2	1.65	4.10	0.402	0.22	0.59	0.367	0.39	0.51	0.769	0.61	1.47	2.08	0.78	0.29	0.22	1.08	0.69	3.90	1	4	102	208	Travis Wear
227	44	19.1	3.41	6.38	0.535	0.00	0.02	0.000	1.12	2.08	0.539	2.02	3.33	5.35	0.99	0.42	1.50	2.13	1.22	7.95	3	4	104	211	John Henson
184	99	21.1	3.22	5.46	0.589	0.00	0.04	0.000	1.96	3.51	0.558	1.97	3.95	5.92	1.20	0.76	0.81	2.63	1.38	8.39	2	4	111	211	Mason Plumlee
26	0	7.0	0.62	1.96	0.314	0.00	0.00	0.000	0.27	0.38	0.700	0.85	1.50	2.35	0.19	0.15	0.42	0.62	0.31	1.50	2	5	113	216	Solomon Alabi
249	35	14.1	1.86	4.24	0.437	0.02	0.06	0.286	1.02	1.43	0.711	1.23	2.02	3.25	0.77	0.34	0.38	2.13	0.95	4.75	6	5	104	213	Donald Hodge
11	0	3.4	0.55	0.91	0.600	0.00	0.00	0.000	0.55	0.91	0.600	0.55	0.55	1.09	0.00	0.00	0.18	0.64	0.36	1.64	1	5	113	216	Matt Wenstrom
51	6	10.6	0.98	2.02	0.485	0.00	0.02	0.000	0.84	1.41	0.597	0.94	1.53	2.47	0.47	0.35	0.55	1.59	0.57	2.80	4	4	116	208	Daniel Orton
39	17	16.0	1.56	3.77	0.415	0.00	0.15	0.000	0.72	1.08	0.667	0.64	2.72	3.36	0.67	0.59	0.51	1.44	0.97	3.85	4	3	102	201	Damion James
267	63	17.1	2.93	7.03	0.417	0.25	0.73	0.340	1.16	1.75	0.664	1.57	1.90	3.46	0.91	0.71	0.27	1.86	0.99	7.28	5	3	93	203	Marcus Liberty
38	0	8.2	1.39	3.79	0.368	0.16	0.71	0.222	0.50	0.61	0.826	0.32	0.55	0.87	0.71	0.32	0.05	0.50	0.61	3.45	3	3	84	191	Rodney Monroe
183	40	17.1	2.65	6.13	0.432	0.17	0.57	0.298	1.19	1.46	0.813	0.49	0.99	1.48	2.15	0.78	0.08	2.03	1.18	6.66	4	2	91	191	LaBradford Smith
63	0	6.0	0.52	1.75	0.300	0.00	0.00	0.000	0.43	0.68	0.628	0.46	0.87	1.33	0.08	0.11	0.41	0.79	0.48	1.48	4	5	111	216	Tito Horford
5	0	3.0	1.00	1.80	0.556	0.00	0.20	0.000	0.60	0.80	0.750	0.00	0.00	0.00	0.40	0.60	0.00	0.40	1.60	2.60	1	1	79	180	Howard Nathan
65	0	7.5	1.03	1.95	0.528	0.00	0.00	0.000	0.71	0.83	0.852	1.02	1.02	2.03	0.26	0.14	0.32	1.12	0.37	2.77	2	5	115	213	Jerome Jordan
1	0	5.5	0.00	1.00	0.000	0.00	0.00	0.000	0.00	0.00	0.000	0.00	0.00	0.00	0.00	1.00	0.00	1.00	0.00	0.00	1	1	84	185	Kalin Lucas
189	80	19.5	3.22	6.69	0.481	0.52	1.66	0.315	1.05	1.73	0.609	1.26	2.77	4.03	1.09	0.47	0.35	2.28	1.23	8.02	3	5	101	213	Donatas Motiejunas
11	1	8.9	1.18	1.73	0.684	0.00	0.00	0.000	0.36	0.91	0.400	0.82	1.82	2.64	0.64	0.09	0.27	0.82	0.27	2.73	2	4	125	206	Arinze Onuaku
162	25	15.2	1.62	3.12	0.521	0.00	0.01	0.000	0.40	0.97	0.408	1.39	2.08	3.47	0.59	0.66	0.52	2.37	0.76	3.64	3	4	109	211	Jan Vesely
270	24	16.2	2.15	5.19	0.414	0.60	1.71	0.353	0.46	0.62	0.749	0.36	1.18	1.54	1.50	0.57	0.18	1.22	0.77	5.36	4	2	87	193	E'Twaun Moore
63	17	12.7	1.51	3.46	0.436	0.14	0.56	0.257	0.54	0.81	0.667	0.27	1.40	1.67	0.25	0.30	0.35	0.87	0.48	3.70	1	3	100	203	DeQuan Jones
32	0	10.4	1.34	3.34	0.402	0.00	0.00	0.000	0.28	0.47	0.600	1.19	1.25	2.44	0.31	0.28	0.16	0.78	0.25	2.97	1	4	118	203	Kevin Jones
121	57	18.8	3.06	6.44	0.475	0.03	0.19	0.174	1.62	2.13	0.760	1.88	3.07	4.94	1.08	0.55	0.41	2.08	1.17	7.77	3	5	112	208	Henry Sims
258	204	27.5	3.67	8.26	0.444	0.88	2.34	0.374	1.63	2.20	0.741	1.00	3.59	4.58	1.41	0.75	0.22	1.84	1.06	9.85	3	3	95	203	Harrison Barnes
104	23	9.9	1.51	3.36	0.450	0.00	0.01	0.000	0.57	1.02	0.557	0.94	1.64	2.59	0.24	0.22	0.40	1.58	0.65	3.59	3	4	113	208	Jeremy Tyler
206	124	25.4	4.50	10.25	0.438	0.60	2.19	0.274	1.62	2.19	0.741	2.73	4.95	7.67	1.74	0.62	0.66	3.06	1.29	11.21	3	5	127	206	Jared Sullinger
111	6	13.4	1.94	4.34	0.446	0.73	2.02	0.362	0.76	0.88	0.857	0.23	1.31	1.54	0.77	0.23	0.10	0.64	0.59	5.36	3	2	98	193	John Jenkins
55	7	14.0	1.42	3.78	0.375	0.16	1.05	0.155	0.38	0.58	0.656	0.40	1.38	1.78	2.38	0.75	0.16	1.24	0.84	3.38	2	2	86	196	Lorenzo Brown
220	4	13.5	2.00	4.27	0.467	0.00	0.02	0.000	0.82	1.54	0.533	1.61	3.02	4.63	0.53	0.47	0.37	1.76	1.03	4.81	3	4	113	208	Thomas Robinson
9	0	7.9	0.89	2.11	0.421	0.00	0.33	0.000	0.11	0.22	0.500	0.78	1.22	2.00	0.22	0.11	0.00	0.78	0.89	1.89	1	4	111	206	Drew Gordon
55	1	8.1	1.40	3.38	0.414	0.45	1.44	0.316	0.16	0.20	0.818	0.31	1.05	1.36	0.36	0.15	0.15	0.64	0.36	3.42	2	3	98	203	Gigi Datome
