	GP	GS	MIN	FGM	FGA	FG%	3PM	3PA	3P%	FTM	FTA	FT%	OFF	DEF	TRB	AST	STL	BLK	PF	TOV	PTS	YR	POS	W	H
0	479	81	22.9	4.08	7.65	0.534	0.01	0.04	0.176	2.72	3.45	0.788	1.98	3.03	5.01	0.68	0.43	0.41	2.39	1.22	10.89	8	2	112	206
1	62	0	7.4	0.73	2.26	0.321	0.27	0.97	0.283	0.29	0.37	0.783	0.16	0.66	0.82	0.84	0.32	0.05	0.71	0.39	2.02	2	1	84	193
2	514	120	21.1	3.14	7.03	0.447	0.02	0.11	0.182	1.7	2.43	0.7	1.42	2.93	4.35	0.89	0.69	0.34	2.41	1.03	8.0	8	2	131	206
3	52	2	8.3	1.31	3.08	0.425	0.0	0.0	0.0	0.5	0.87	0.578	0.6	1.25	1.85	0.27	0.17	0.35	1.12	0.42	3.12	2	2	104	208
4	387	164	19.6	2.17	4.56	0.475	0.45	1.34	0.337	0.75	1.06	0.706	1.13	2.91	4.05	2.08	0.53	0.48	1.94	0.89	5.53	8	2	109	208
5	135	7	8.2	0.93	1.87	0.496	0.0	0.01	0.0	0.41	0.99	0.41	0.72	1.27	1.99	0.3	0.14	0.39	1.66	0.49	2.26	5	3	127	216
6	402	129	19.7	2.85	6.52	0.438	0.02	0.08	0.235	1.97	2.69	0.732	1.37	3.45	4.82	0.86	0.82	1.31	2.46	1.31	7.69	8	2	102	208
7	70	3	11.1	0.8	1.66	0.483	0.0	0.0	0.0	0.33	0.54	0.605	1.01	1.76	2.77	0.36	0.26	0.23	1.9	0.54	1.93	2	2	116	206
8	319	86	12.1	1.38	2.71	0.509	0.0	0.01	0.0	0.58	1.04	0.562	1.35	2.38	3.73	0.65	0.29	0.27	2.13	0.83	3.34	7	3	122	213
9	1	0	0.1	0.0	0.0	0.0	0.0	0.0	0.0	0.0	0.0	0.0	0.0	0.0	0.0	0.0	0.0	0.0	0.0	0.0	0.0	2	1	91	193
10	559	137	24.7	3.71	8.5	0.436	0.28	0.89	0.311	3.31	4.17	0.795	0.54	2.3	2.85	4.35	0.73	0.08	1.45	1.82	11.01	8	1	86	191
11	33	0	8.2	0.88	2.79	0.315	0.18	0.76	0.24	0.27	0.58	0.474	0.27	0.58	0.85	0.91	0.36	0.18	1.09	0.33	2.21	1	1	93	196
12	18	0	3.3	0.5	1.78	0.281	0.17	0.83	0.2	0.06	0.11	0.5	0.0	0.39	0.39	0.11	0.0	0.22	0.28	0.22	1.22	2	2	98	203
13	17	0	4.3	0.41	1.47	0.28	0.12	0.65	0.182	0.65	0.71	0.917	0.0	0.59	0.59	0.65	0.12	0.0	0.29	0.53	1.59	1	1	80	183
14	549	542	33.7	5.35	10.57	0.506	0.02	0.12	0.182	3.5	4.58	0.763	2.02	5.85	7.86	3.05	0.91	1.53	3.07	1.98	14.21	7	3	116	216
15	342	84	15.6	1.13	2.71	0.419	0.01	0.05	0.188	0.47	0.71	0.658	1.01	2.41	3.42	1.23	0.45	0.54	1.46	0.71	2.75	6	2	107	206
16	10	0	2.8	0.3	1.1	0.273	0.0	0.6	0.0	0.0	0.0	0.0	0.0	0.0	0.0	0.2	0.1	0.1	1.0	0.3	0.6	1	1	93	203
17	13	0	3.0	0.54	1.69	0.318	0.0	0.0	0.0	0.0	0.0	0.0	0.31	0.62	0.92	0.23	0.08	0.08	0.31	0.0	1.08	2	2	94	201
18	2	0	18.4	1.5	5.5	0.273	0.0	3.0	0.0	2.0	2.0	1.0	3.0	2.5	5.5	0.5	1.0	0.0	1.0	0.0	5.0	2	2	100	201
19	231	40	13.2	1.72	3.44	0.499	0.07	0.26	0.262	0.42	0.72	0.584	0.8	1.5	2.3	0.79	0.57	0.3	0.79	0.71	3.93	4	2	102	203
20	613	584	32.5	4.95	11.26	0.44	1.15	3.08	0.373	2.42	3.0	0.806	0.42	2.42	2.85	5.59	1.53	0.18	2.01	2.04	13.48	8	1	79	185
21	593	593	37.9	9.16	19.0	0.482	1.71	4.49	0.38	7.24	8.22	0.881	0.8	6.14	6.94	3.55	1.23	0.99	1.87	3.22	27.28	8	2	109	206
22	588	455	32.4	5.18	11.82	0.439	1.03	3.03	0.34	2.7	3.41	0.793	1.03	3.92	4.95	1.65	0.8	0.6	2.38	1.72	14.1	7	2	107	206
23	188	8	12.7	1.4	3.39	0.413	0.14	0.61	0.235	0.91	1.18	0.778	0.18	0.86	1.04	1.64	0.44	0.02	1.03	0.77	3.86	4	1	92	191
24	296	167	28.0	4.62	10.23	0.452	0.26	0.9	0.293	2.41	3.22	0.747	1.32	2.84	4.17	1.19	0.62	0.51	2.6	1.43	11.92	4	2	92	203
25	272	163	22.2	2.99	7.4	0.404	0.28	0.83	0.333	1.64	2.11	0.78	1.39	3.53	4.92	0.71	0.5	0.68	2.27	1.11	7.9	5	2	108	213
26	622	392	30.4	5.93	11.94	0.497	0.4	1.25	0.32	1.61	2.35	0.687	1.99	3.7	5.69	1.48	1.41	0.39	2.19	1.43	13.87	8	2	100	203
27	578	301	28.6	4.71	11.08	0.425	0.43	1.41	0.303	3.37	4.08	0.827	0.7	2.34	3.04	3.76	0.91	0.16	2.17	1.89	13.22	8	1	93	196
28	622	226	24.2	3.09	6.58	0.469	1.03	2.58	0.4	1.26	1.71	0.738	1.1	2.31	3.41	1.53	0.87	0.17	1.75	0.89	8.48	8	2	102	201
29	367	54	16.4	3.03	5.0	0.606	0.0	0.03	0.0	1.05	1.55	0.679	1.4	2.33	3.73	0.46	0.46	1.02	1.33	0.49	7.11	8	2	95	208
30	137	29	14.4	1.67	3.27	0.511	0.0	0.01	0.0	0.9	1.44	0.624	1.34	2.11	3.45	0.34	0.34	1.18	2.36	0.88	4.24	4	3	107	208
31	445	343	31.1	5.32	12.04	0.442	1.3	3.84	0.339	1.76	2.26	0.777	1.13	4.17	5.29	1.76	0.76	0.7	2.87	1.45	13.7	8	2	102	203
32	531	210	23.0	3.39	7.92	0.428	1.33	3.42	0.387	1.4	1.7	0.822	0.24	1.78	2.02	1.64	0.58	0.06	1.56	1.05	9.5	8	1	95	196
33	113	10	16.4	2.03	4.58	0.442	0.11	0.46	0.231	1.11	1.73	0.638	0.74	1.7	2.44	1.78	0.52	0.07	1.31	1.21	5.27	3	1	91	196
34	438	96	17.5	2.63	5.65	0.465	0.07	0.24	0.302	1.01	1.28	0.786	1.19	2.37	3.55	0.77	0.35	0.66	2.25	0.87	6.33	8	2	109	213
35	328	49	18.3	2.31	6.27	0.369	1.35	3.76	0.359	0.48	0.59	0.812	0.23	1.91	2.14	0.74	0.37	0.15	1.46	0.54	6.45	6	1	93	196
36	499	182	23.1	3.97	9.58	0.414	1.44	3.88	0.371	1.7	2.01	0.845	0.44	1.43	1.87	3.29	0.61	0.15	2.01	1.72	11.08	7	1	73	183
37	600	455	28.2	4.18	9.2	0.454	1.16	3.04	0.382	2.0	2.44	0.819	0.51	2.5	3.02	1.96	0.49	0.2	2.05	1.22	11.52	8	1	98	196
38	51	1	8.3	1.51	3.57	0.423	0.2	0.67	0.294	0.92	1.18	0.783	0.57	0.39	0.96	0.31	0.1	0.04	0.43	0.37	4.14	3	2	93	198
39	138	18	18.3	2.16	5.44	0.397	0.94	2.65	0.355	1.5	1.65	0.908	0.25	1.36	1.61	2.89	0.48	0.04	1.33	1.49	6.76	2	1	88	193
40	723	538	27.1	4.73	9.68	0.488	0.0	0.03	0.0	1.85	2.5	0.742	2.05	5.65	7.7	1.27	0.45	1.29	2.71	2.13	11.31	1	3	120	213
41	596	582	30.1	4.69	8.81	0.532	0.0	0.04	0.087	1.36	2.43	0.559	2.65	6.45	9.1	2.28	0.67	1.63	3.16	1.8	10.74	1	3	118	213
42	733	546	28.8	3.74	8.43	0.443	0.67	1.98	0.341	2.23	2.77	0.802	1.26	3.87	5.13	1.29	0.77	0.48	2.13	1.06	10.37	1	2	108	206
43	742	690	35.0	5.96	13.35	0.446	1.4	3.9	0.358	3.62	4.41	0.821	0.44	2.75	3.19	8.4	1.08	0.26	2.56	2.93	16.94	1	1	91	191
44	725	725	36.1	6.58	13.9	0.473	1.08	2.97	0.365	4.41	5.12	0.862	0.69	3.66	4.35	9.91	2.34	0.1	2.48	2.41	18.65	1	1	79	183
45	726	633	33.1	4.73	11.49	0.412	1.03	3.1	0.331	2.09	2.66	0.785	0.64	2.54	3.18	6.16	1.35	0.21	2.12	2.43	12.58	1	1	93	185
46	580	266	24.0	2.92	7.0	0.418	1.36	3.56	0.382	1.51	1.91	0.791	0.61	2.52	3.12	1.01	0.52	0.28	1.82	0.92	8.72	1	2	104	201
47	621	161	21.3	4.18	9.56	0.437	1.12	3.25	0.343	1.25	1.62	0.769	1.26	3.47	4.73	0.87	0.51	0.55	2.29	1.02	10.72	1	2	108	211
48	530	377	29.4	5.45	12.42	0.439	1.18	3.33	0.354	2.59	3.14	0.824	0.99	3.75	4.74	1.21	0.39	0.88	2.49	1.6	14.66	9	2	111	213
49	161	28	20.4	2.9	7.78	0.373	0.77	2.33	0.331	0.88	1.24	0.71	0.51	1.61	2.12	1.38	0.25	0.07	1.7	1.07	7.45	4	2	90	203
50	361	104	15.5	1.63	3.53	0.462	0.01	0.02	0.222	1.21	1.63	0.74	1.47	2.86	4.33	0.45	0.5	0.45	2.03	0.84	4.48	6	2	113	206
51	326	300	35.5	6.82	14.87	0.459	0.99	2.84	0.348	4.19	5.24	0.8	1.06	3.19	4.26	4.65	1.03	0.23	1.93	1.83	18.82	6	1	96	198
52	409	60	17.9	2.93	6.98	0.42	0.67	2.03	0.332	1.09	1.35	0.807	0.43	1.42	1.86	1.12	0.69	0.22	1.32	0.92	7.62	9	1	93	191
53	680	642	35.8	7.02	15.56	0.451	1.03	3.02	0.342	3.43	4.31	0.795	1.51	4.35	5.87	2.29	1.32	0.81	2.49	2.43	18.51	9	2	104	203
54	90	3	5.8	0.88	1.78	0.494	0.0	0.03	0.0	0.31	0.53	0.583	0.36	1.06	1.41	0.28	0.2	0.44	1.4	0.47	2.07	4	3	113	213
55	47	3	5.5	0.74	1.74	0.427	0.0	0.0	0.0	0.7	1.19	0.589	0.6	1.0	1.6	0.02	0.09	0.47	0.94	0.32	2.19	3	3	104	213
56	143	0	10.7	1.55	3.99	0.389	0.48	1.52	0.312	0.53	0.6	0.884	0.24	0.83	1.06	0.65	0.35	0.15	0.9	0.61	4.11	4	1	79	191
57	111	5	9.4	1.44	3.73	0.386	0.41	1.4	0.29	0.66	0.83	0.793	0.79	1.6	2.4	0.18	0.19	0.2	1.07	0.53	3.95	3	3	105	213
58	564	193	24.1	3.7	8.33	0.444	1.66	4.11	0.404	2.0	2.26	0.886	0.2	1.68	1.87	1.96	0.43	0.06	1.43	1.03	11.05	9	1	86	193
59	203	10	15.2	2.1	5.45	0.386	0.62	1.93	0.321	0.73	0.95	0.767	0.28	1.5	1.78	2.83	0.43	0.03	0.97	1.45	5.56	4	1	93	191
60	607	371	29.8	4.18	10.03	0.417	1.35	3.84	0.351	3.19	3.99	0.799	0.85	3.12	3.97	5.6	1.32	0.26	2.72	2.1	12.89	9	1	89	185
61	632	392	26.9	3.94	9.73	0.405	1.58	4.23	0.372	1.78	2.09	0.853	0.35	1.91	2.27	2.98	0.75	0.3	2.21	1.55	11.24	9	1	97	193
62	292	40	11.6	1.19	2.37	0.501	0.01	0.02	0.286	0.63	1.08	0.582	1.0	1.62	2.62	0.35	0.31	0.49	1.86	0.79	3.01	6	3	107	211
63	285	22	13.2	1.64	3.91	0.418	0.39	1.22	0.316	0.61	0.82	0.748	0.35	0.94	1.29	2.94	0.57	0.03	1.21	1.27	4.27	4	1	80	191
64	299	48	15.4	2.26	5.35	0.422	0.67	1.98	0.338	0.76	1.08	0.704	0.55	1.42	1.97	0.44	0.53	0.33	1.4	0.53	5.95	5	2	93	201
65	189	31	14.7	1.57	4.12	0.38	0.2	0.67	0.299	0.59	0.99	0.599	0.48	1.3	1.78	1.73	0.58	0.12	1.35	1.07	3.93	4	1	100	198
66	314	58	17.1	2.07	5.13	0.403	0.88	2.59	0.339	0.62	0.82	0.755	0.79	2.22	3.01	0.7	0.4	0.5	2.09	0.63	5.63	8	2	104	208
67	490	30	19.4	2.89	6.82	0.423	1.15	3.07	0.374	0.77	1.04	0.734	0.32	1.58	1.9	2.87	0.76	0.11	1.41	1.38	7.69	8	1	82	188
68	221	12	13.9	1.67	3.26	0.51	0.05	0.29	0.172	0.67	1.23	0.542	1.26	2.22	3.48	0.6	0.74	0.47	1.9	0.61	4.05	6	2	94	203
69	601	548	32.7	4.57	9.74	0.469	0.25	0.91	0.273	1.53	2.52	0.606	1.12	3.67	4.79	8.47	1.82	0.13	2.26	2.88	10.91	9	1	84	185
70	225	18	12.4	2.17	4.26	0.509	0.0	0.01	0.5	1.65	2.1	0.786	1.22	1.84	3.06	0.31	0.16	0.29	1.89	0.89	5.99	7	2	113	208
71	67	18	8.7	1.06	2.42	0.438	0.25	0.75	0.34	0.34	0.51	0.676	0.12	0.9	1.01	0.52	0.25	0.09	0.79	0.37	2.72	3	2	98	201
72	454	6	12.4	1.64	3.75	0.438	1.26	2.91	0.431	0.22	0.25	0.876	0.15	1.14	1.29	0.29	0.2	0.08	0.81	0.18	4.76	9	2	102	208
73	68	0	11.6	0.96	2.6	0.367	0.25	0.78	0.321	0.54	0.63	0.86	0.62	1.19	1.81	0.96	0.37	0.13	1.13	0.59	2.71	2	2	104	198
74	287	219	26.9	2.85	6.44	0.442	0.71	2.01	0.352	1.25	1.68	0.745	1.63	3.86	5.49	1.44	1.09	0.24	2.13	1.07	7.66	4	2	111	198
75	91	7	9.5	1.13	2.56	0.442	0.21	0.68	0.306	0.69	1.01	0.685	0.56	1.08	1.64	0.48	0.29	0.04	1.58	0.51	3.16	2	2	98	201
76	403	49	16.9	3.03	5.48	0.553	0.0	0.07	0.037	1.58	2.39	0.661	1.35	2.54	3.89	0.8	0.45	0.23	2.37	1.02	7.64	6	2	113	201
77	7	0	5.4	0.43	1.43	0.3	0.0	0.0	0.0	0.57	0.86	0.667	0.86	1.0	1.86	0.14	0.0	0.29	0.86	0.14	1.43	1	3	109	218
78	397	77	23.5	2.68	6.66	0.402	1.46	3.57	0.407	1.03	1.31	0.78	0.36	1.64	1.99	1.95	0.61	0.22	2.04	0.94	7.85	7	1	91	188
79	30	0	5.7	0.63	1.73	0.365	0.2	0.53	0.375	0.23	0.37	0.636	0.37	0.67	1.03	0.2	0.1	0.03	0.73	0.5	1.7	1	2	118	208
80	26	0	6.6	0.62	1.35	0.457	0.31	0.73	0.421	0.38	0.69	0.556	0.12	0.62	0.73	0.27	0.12	0.08	0.54	0.35	1.92	2	2	102	206
81	102	25	12.8	1.49	2.88	0.517	0.0	0.0	0.0	1.32	1.97	0.672	0.8	1.89	2.7	0.29	0.37	0.44	2.13	0.87	4.3	3	2	109	206
82	68	11	10.5	0.74	2.16	0.34	0.19	0.76	0.25	0.4	0.62	0.643	0.22	0.79	1.01	1.75	0.47	0.1	1.16	0.71	2.06	2	1	84	183
83	239	19	13.9	2.05	3.98	0.515	0.0	0.02	0.0	2.11	3.09	0.682	1.59	2.22	3.81	0.33	0.29	0.34	2.1	0.79	6.21	5	2	109	203
84	486	67	11.8	1.32	2.27	0.581	0.0	0.0	0.0	1.06	1.62	0.651	0.86	1.31	2.17	0.29	0.18	0.52	2.01	0.75	3.7	9	3	104	213
85	22	0	5.2	0.41	1.64	0.25	0.0	0.14	0.0	0.18	0.41	0.444	0.59	0.82	1.41	0.05	0.18	0.55	0.68	0.18	1.0	2	3	111	216
86	6	0	3.0	0.17	0.67	0.25	0.0	0.17	0.0	0.5	0.83	0.6	0.33	0.0	0.33	0.17	0.0	0.0	0.0	0.0	0.83	1	1	87	188
87	72	8	7.6	1.1	2.06	0.534	0.0	0.01	0.0	0.38	0.58	0.643	0.5	0.67	1.17	0.19	0.25	0.07	0.71	0.36	2.57	2	1	100	193
88	14	0	11.8	0.64	2.14	0.3	0.07	0.36	0.2	0.43	0.43	1.0	0.43	0.64	1.07	1.21	0.36	0.0	0.64	0.86	1.79	1	1	91	185
89	665	283	22.4	3.51	7.11	0.494	0.02	0.08	0.204	1.91	2.3	0.828	1.55	3.17	4.72	0.8	0.38	0.65	1.87	1.0	8.94	1	2	113	203
90	127	8	13.3	1.28	3.28	0.389	0.28	0.96	0.295	0.56	0.72	0.78	0.25	0.99	1.24	1.37	0.54	0.08	1.17	0.84	3.39	2	1	84	191
91	484	288	24.1	4.06	9.12	0.445	0.98	2.65	0.369	1.59	2.06	0.773	1.88	4.09	5.97	1.12	0.71	0.39	2.55	0.99	10.69	8	2	107	208
92	707	628	35.7	7.34	16.2	0.453	0.89	2.85	0.313	3.49	4.52	0.773	0.67	2.85	3.52	4.76	1.74	0.33	2.39	2.8	19.06	1	1	84	191
93	179	21	14.9	1.66	4.29	0.388	0.92	2.6	0.353	0.53	0.62	0.847	0.22	1.14	1.36	2.41	0.42	0.05	1.12	0.55	4.77	5	1	79	185
94	131	7	11.9	0.97	2.5	0.387	0.08	0.4	0.212	0.47	0.73	0.642	0.37	1.11	1.49	1.18	0.75	0.11	1.74	1.1	2.49	4	1	99	196
95	157	1	17.0	2.84	6.99	0.407	1.06	2.9	0.366	1.28	1.45	0.882	0.14	1.22	1.36	1.04	0.35	0.06	1.53	1.01	8.03	4	1	81	185
96	487	371	27.6	3.88	8.72	0.445	0.69	1.96	0.349	1.66	2.08	0.799	1.27	3.33	4.6	1.46	0.72	0.16	1.93	1.13	10.11	8	2	111	201
97	145	27	16.2	1.81	3.86	0.47	0.3	0.94	0.316	0.7	0.86	0.815	0.74	1.54	2.28	0.79	0.34	0.24	1.28	0.63	4.62	3	2	98	201
98	26	0	12.5	1.73	4.27	0.405	0.46	1.42	0.324	1.04	1.31	0.794	0.38	1.12	1.5	0.77	0.38	0.04	0.54	0.54	4.96	2	1	95	191
99	564	191	22.1	4.13	8.83	0.467	0.09	0.39	0.237	1.77	2.45	0.725	1.85	3.51	5.36	1.41	0.87	0.81	2.45	1.62	10.12	9	2	118	211
100	662	64	23.1	3.92	9.43	0.416	1.08	3.17	0.342	3.09	3.8	0.814	0.35	1.66	2.02	2.92	0.88	0.16	1.39	1.39	12.01	1	1	79	185
101	6	0	1.6	0.0	0.17	0.0	0.0	0.0	0.0	0.0	0.0	0.0	0.17	0.5	0.67	0.0	0.33	0.0	0.17	0.0	0.0	2	3	109	218
102	5	0	1.2	0.0	0.6	0.0	0.0	0.0	0.0	0.0	0.0	0.0	0.0	0.2	0.2	0.0	0.0	0.0	0.2	0.6	0.0	1	3	116	216
103	20	0	3.6	0.7	1.3	0.538	0.05	0.1	0.5	0.45	0.65	0.692	0.35	0.35	0.7	0.05	0.05	0.1	0.55	0.45	1.9	1	2	108	211
104	87	18	13.2	1.31	2.9	0.452	0.0	0.05	0.0	1.22	1.77	0.688	1.46	2.1	3.56	0.4	0.51	0.17	1.87	0.47	3.84	2	2	109	203
105	614	335	22.6	3.21	5.61	0.572	0.09	0.27	0.329	1.11	1.63	0.682	2.13	3.58	5.71	1.07	0.62	1.09	3.16	1.14	7.62	1	2	113	206
106	85	0	11.6	1.61	4.16	0.387	0.16	0.87	0.189	0.62	0.84	0.746	0.32	0.6	0.92	1.94	0.36	0.02	0.98	0.78	4.01	2	1	83	196
107	17	0	8.5	1.35	2.24	0.605	0.0	0.0	0.0	0.06	0.35	0.167	1.12	1.0	2.12	0.12	0.12	0.41	1.47	0.12	2.76	1	2	120	208
108	23	0	9.2	1.0	2.48	0.404	0.0	0.0	0.0	0.13	0.26	0.5	0.7	1.17	1.87	0.74	0.3	0.35	1.78	0.61	2.13	1	3	118	208
109	16	0	5.8	1.06	2.5	0.425	0.25	0.81	0.308	0.44	0.5	0.875	0.44	0.75	1.19	0.19	0.19	0.06	0.5	0.19	2.81	2	2	88	201
110	30	0	7.8	1.13	3.07	0.37	0.27	0.83	0.32	0.17	0.33	0.5	0.3	0.67	0.97	0.53	0.2	0.13	0.43	0.37	2.7	2	1	84	196
111	281	12	11.0	1.07	2.3	0.467	0.0	0.03	0.111	0.84	1.17	0.717	0.91	1.41	2.33	0.35	0.21	0.55	1.97	0.57	2.99	8	3	104	208
112	1092	1021	36.2	6.54	14.85	0.441	1.6	4.34	0.369	2.39	2.99	0.8	0.91	3.19	4.1	4.19	0.9	0.21	1.84	2.04	17.08	1	1	109	201
113	618	107	22.5	3.98	9.4	0.423	1.31	3.65	0.36	1.75	2.2	0.796	0.62	1.72	2.34	2.95	0.88	0.07	2.4	1.42	11.01	1	1	82	175
114	1052	430	31.0	5.36	13.11	0.409	1.76	5.05	0.349	3.01	3.5	0.86	0.39	2.03	2.42	3.61	0.96	0.22	1.58	1.98	15.5	1	1	91	196
115	527	410	24.9	4.89	8.98	0.545	0.0	0.0	1.0	3.15	4.91	0.642	1.8	3.37	5.17	0.54	0.29	0.73	2.97	2.23	12.94	1	3	134	213
116	943	786	31.9	6.75	14.28	0.472	0.13	0.49	0.26	3.36	4.4	0.763	3.08	6.37	9.45	1.8	0.77	0.29	2.42	2.13	16.98	1	2	118	206
117	74	2	5.9	0.7	1.65	0.426	0.0	0.0	0.0	0.49	0.89	0.545	0.36	1.04	1.41	0.09	0.18	0.09	1.35	0.41	1.89	4	3	125	211
118	813	85	16.5	2.2	5.05	0.437	0.02	0.1	0.177	1.73	2.33	0.743	1.43	2.71	4.15	0.84	0.6	0.36	2.33	1.3	6.15	1	2	113	201
119	430	78	24.0	2.53	6.17	0.411	0.8	2.28	0.353	1.58	1.96	0.809	0.37	1.86	2.23	2.3	0.78	0.27	1.93	1.19	7.46	7	1	95	193
120	629	335	21.6	1.85	4.34	0.426	0.12	0.46	0.25	0.96	1.65	0.583	1.85	2.22	4.07	1.27	0.69	0.51	2.43	1.07	4.77	1	2	109	211
121	357	179	13.4	1.82	3.75	0.485	0.0	0.01	0.0	0.67	1.08	0.62	1.1	1.98	3.08	0.33	0.26	1.08	2.77	1.13	4.31	1	3	136	213
122	671	451	28.9	3.65	9.52	0.383	1.48	4.2	0.354	1.35	1.85	0.729	0.37	2.45	2.82	4.77	1.21	0.16	2.1	1.78	10.13	1	1	79	188
123	215	47	11.3	0.97	2.31	0.419	0.0	0.03	0.143	0.64	1.0	0.642	1.23	1.95	3.18	0.34	0.26	0.6	1.29	0.64	2.58	6	3	111	216
124	755	143	22.2	3.65	8.74	0.417	0.91	2.58	0.354	1.52	1.91	0.793	0.83	2.28	3.11	2.58	0.93	0.09	1.82	1.34	9.73	1	1	84	185
125	977	705	30.7	3.05	6.98	0.437	1.28	3.33	0.384	1.22	1.64	0.743	1.3	2.88	4.18	1.76	1.01	0.93	2.26	0.9	8.61	1	2	100	203
126	348	82	22.4	2.95	6.97	0.423	1.3	3.34	0.388	0.98	1.27	0.773	0.32	2.11	2.43	2.15	0.73	0.12	1.47	1.26	8.17	6	1	84	191
127	486	476	32.6	6.95	13.26	0.524	0.0	0.02	0.2	5.11	6.14	0.833	2.54	6.71	9.25	1.58	0.39	1.89	3.28	2.7	19.03	9	3	141	229
128	576	543	37.6	6.15	14.35	0.429	1.0	2.92	0.341	4.84	6.07	0.797	1.67	3.91	5.58	6.03	1.47	0.39	3.14	3.52	18.14	1	1	88	191
129	54	0	9.2	1.3	2.8	0.464	0.0	0.09	0.0	0.8	1.02	0.782	0.94	1.2	2.15	0.22	0.5	0.22	1.26	0.56	3.39	4	2	110	198
130	662	459	26.7	5.23	10.54	0.496	0.05	0.16	0.287	2.11	2.84	0.743	1.88	5.11	6.99	1.69	0.66	0.31	2.84	1.59	12.62	8	2	109	206
131	644	244	18.3	1.63	3.27	0.498	0.0	0.02	0.0	0.49	0.79	0.62	1.74	3.3	5.04	1.21	0.74	0.37	2.31	0.72	3.74	1	2	109	198
132	1196	996	30.8	3.49	6.73	0.518	0.0	0.0	0.0	2.84	4.15	0.684	3.18	7.15	10.33	1.04	0.41	2.75	2.83	1.82	9.81	1	3	118	218
133	607	280	22.1	2.5	5.09	0.492	0.0	0.01	0.111	1.64	2.88	0.57	1.79	3.7	5.49	0.91	0.53	0.62	2.28	1.27	6.65	1	3	132	211
134	735	476	20.4	1.25	3.04	0.411	0.01	0.05	0.206	1.06	1.64	0.647	1.24	2.44	3.68	0.85	0.5	0.49	2.8	0.82	3.57	1	3	116	213
135	456	37	14.2	1.46	3.57	0.408	0.53	1.43	0.372	1.18	1.37	0.861	0.63	1.68	2.3	1.02	0.65	0.15	1.95	0.72	4.62	1	2	111	203
136	287	14	18.5	1.66	4.22	0.393	0.73	2.07	0.352	1.14	1.48	0.769	0.41	1.39	1.8	1.06	0.42	0.08	1.3	0.73	5.18	4	1	97	198
137	526	109	20.2	3.38	6.9	0.49	0.04	0.21	0.191	2.61	3.6	0.726	1.32	2.71	4.02	0.76	0.41	0.29	1.84	1.19	9.4	8	2	99	206
138	793	287	24.2	2.86	6.53	0.438	0.49	1.4	0.35	1.2	1.54	0.779	0.61	2.65	3.26	2.68	1.15	0.21	2.0	1.34	7.4	1	1	95	196
139	82	30	25.8	3.76	9.34	0.402	1.9	5.27	0.361	1.51	1.78	0.849	0.41	2.15	2.56	2.16	0.59	0.01	1.15	1.63	10.93	1	1	77	191
140	1043	937	31.6	4.54	10.94	0.415	1.75	4.53	0.387	4.31	4.82	0.894	0.46	2.41	2.87	5.4	1.01	0.16	2.08	2.05	15.15	1	1	95	191
141	618	188	18.4	2.26	4.57	0.495	0.0	0.01	0.0	1.11	1.96	0.564	1.7	2.47	4.17	0.43	0.37	0.79	1.94	0.79	5.63	1	2	118	201
142	427	115	23.2	3.27	7.88	0.415	0.92	2.58	0.356	0.86	1.08	0.798	0.57	2.54	3.11	1.07	0.73	0.13	2.0	0.88	8.32	7	2	100	198
143	1015	643	27.6	4.97	10.01	0.497	0.01	0.06	0.117	2.1	3.13	0.67	2.44	5.08	7.53	1.28	0.77	1.09	3.03	1.6	12.05	1	2	111	206
144	436	77	19.5	3.21	7.78	0.413	0.76	2.23	0.341	1.25	1.51	0.833	0.36	1.52	1.87	1.78	0.78	0.08	1.68	1.27	8.44	7	1	74	191
145	970	877	31.7	4.66	10.24	0.455	0.58	1.58	0.369	1.58	2.09	0.756	1.14	3.24	4.38	2.43	0.56	0.51	1.25	1.08	11.47	1	2	96	206
146	152	12	12.8	2.05	4.48	0.458	0.75	1.97	0.381	0.53	0.68	0.786	0.51	1.59	2.1	0.43	0.2	0.08	0.94	0.4	5.39	3	2	102	206
147	921	783	32.1	6.48	14.43	0.449	0.58	1.66	0.346	3.52	4.13	0.852	0.86	2.23	3.1	3.39	0.78	0.14	2.53	2.15	17.06	1	1	88	201
148	937	439	24.8	3.17	8.18	0.388	1.15	3.18	0.36	1.0	1.35	0.746	0.47	1.69	2.16	2.67	1.2	0.18	1.98	1.24	8.49	1	1	88	188
149	810	533	25.3	2.72	5.5	0.496	0.0	0.0	0.0	1.72	2.43	0.71	1.9	3.77	5.67	0.57	0.49	2.43	2.82	1.24	7.17	1	3	107	208
150	727	510	30.8	5.14	12.65	0.406	0.72	2.33	0.309	3.08	4.08	0.757	1.02	3.17	4.18	3.15	1.5	0.35	2.26	2.14	14.09	1	1	83	196
151	514	203	23.4	3.76	8.71	0.431	1.14	3.06	0.373	1.88	2.35	0.799	0.69	3.78	4.46	1.19	0.42	0.44	2.71	1.41	10.54	8	2	102	201
152	852	660	31.3	4.09	9.93	0.412	1.36	3.63	0.376	1.66	2.07	0.799	0.36	2.61	2.97	4.93	1.13	0.28	2.89	1.88	11.2	1	1	86	193
153	606	319	25.6	2.23	5.68	0.393	1.07	2.95	0.363	0.98	1.24	0.784	0.33	1.92	2.25	4.44	0.78	0.06	1.59	1.53	6.51	9	1	86	185
154	744	269	27.4	5.28	12.22	0.432	1.57	3.93	0.401	2.76	3.22	0.857	0.45	2.04	2.49	2.51	0.68	0.15	2.31	2.08	14.9	1	1	91	191
155	824	542	22.3	2.72	6.69	0.406	0.67	1.96	0.34	1.1	1.57	0.698	0.5	1.73	2.22	1.64	0.51	0.16	1.38	0.99	7.2	1	1	99	196
156	816	549	22.9	2.59	4.9	0.528	0.0	0.0	0.0	1.62	2.75	0.587	2.55	3.42	5.97	0.54	0.39	1.36	2.5	1.04	6.79	1	3	119	213
157	553	455	35.0	6.73	16.0	0.421	1.95	5.56	0.351	5.21	6.48	0.803	0.8	3.12	3.92	5.26	1.6	0.24	3.04	3.15	20.62	1	1	87	191
158	873	732	32.4	5.25	12.1	0.434	0.85	2.44	0.349	2.84	3.36	0.847	1.26	3.75	5.01	2.29	1.33	0.25	2.42	1.82	14.19	1	2	103	201
159	871	220	22.6	2.61	5.87	0.444	0.41	1.32	0.311	1.98	2.49	0.793	0.25	1.6	1.85	3.37	0.65	0.1	1.05	1.07	7.6	1	1	88	193
160	409	75	17.3	2.18	4.24	0.513	0.0	0.0	0.0	1.37	2.27	0.603	1.66	3.06	4.71	0.36	0.31	1.04	2.17	0.94	5.72	1	3	116	206
161	1083	864	34.8	7.09	15.72	0.451	1.07	3.11	0.346	3.25	4.49	0.724	2.36	5.17	7.53	1.63	0.97	0.39	2.38	1.58	18.51	1	2	107	206
162	495	79	18.6	2.93	5.87	0.499	0.01	0.04	0.158	1.04	1.23	0.844	1.12	2.29	3.41	1.19	0.65	0.21	2.42	0.98	6.9	8	2	112	203
163	518	103	17.7	2.31	5.66	0.408	1.15	2.99	0.383	0.58	0.68	0.866	0.15	1.58	1.73	1.31	0.36	0.14	1.37	0.71	6.35	1	1	93	196
164	376	137	24.9	3.17	7.69	0.412	1.16	3.23	0.361	1.02	1.32	0.769	0.48	1.69	2.16	2.28	0.81	0.08	1.99	0.96	8.52	7	1	91	191
165	492	114	12.5	1.26	3.11	0.406	0.33	0.91	0.361	0.48	0.68	0.706	0.3	0.83	1.13	1.02	0.47	0.08	1.54	0.52	3.34	1	1	98	193
166	800	525	29.6	5.03	11.56	0.435	1.35	3.58	0.378	1.95	2.23	0.871	0.51	2.31	2.81	4.97	0.9	0.15	2.49	2.3	13.36	1	1	88	185
167	450	93	14.3	1.5	3.07	0.487	0.0	0.01	0.333	1.04	1.45	0.714	1.25	2.17	3.42	0.53	0.33	0.37	2.59	0.76	4.03	9	3	111	211
168	629	430	32.0	6.69	14.95	0.447	1.66	4.37	0.38	4.0	4.77	0.838	0.99	2.84	3.83	2.13	0.92	0.1	1.59	1.53	19.03	1	1	100	198
169	465	228	24.8	3.34	7.64	0.437	0.81	2.05	0.396	1.52	1.85	0.823	1.2	2.65	3.85	1.53	0.85	0.18	2.48	1.12	9.01	1	2	107	198
170	548	131	23.6	4.32	10.25	0.422	1.3	3.47	0.375	2.18	2.61	0.834	0.38	1.64	2.02	1.04	0.56	0.2	1.92	1.13	12.13	8	1	95	201
171	189	33	14.2	1.98	3.74	0.53	0.0	0.0	0.0	1.06	2.03	0.525	0.97	1.93	2.9	0.25	0.34	0.98	2.85	1.14	5.02	4	3	115	213
172	54	9	11.1	1.24	3.35	0.37	0.39	1.04	0.375	0.69	0.96	0.712	0.44	0.81	1.26	1.02	0.33	0.06	1.15	0.69	3.56	2	1	91	193
173	487	92	22.7	3.71	8.95	0.414	0.67	2.22	0.304	1.8	2.48	0.725	0.39	1.67	2.07	2.25	0.83	0.21	1.63	1.52	9.89	8	1	91	191
174	547	404	26.4	3.22	8.19	0.393	0.73	2.42	0.299	1.35	1.88	0.716	0.63	2.3	2.93	6.09	1.42	0.28	2.39	2.51	8.5	1	1	85	191
175	346	78	17.2	2.53	6.33	0.4	0.83	2.33	0.358	0.5	0.71	0.703	0.3	1.35	1.65	1.02	0.43	0.21	1.33	0.86	6.4	8	1	91	198
176	548	146	21.4	3.23	7.18	0.451	0.19	0.8	0.235	1.23	1.7	0.721	0.95	1.88	2.83	1.76	0.93	0.25	1.61	1.18	7.88	1	2	91	198
177	764	345	20.6	1.93	3.88	0.497	0.01	0.07	0.13	1.04	1.7	0.615	2.75	4.12	6.87	0.92	0.66	0.4	2.51	0.8	4.9	1	3	107	211
178	465	127	19.4	2.52	6.29	0.401	0.65	1.91	0.338	1.51	1.95	0.776	0.72	2.05	2.77	1.46	0.57	0.12	1.61	1.09	7.21	8	2	100	196
179	3	0	3.4	0.33	1.33	0.25	0.0	0.0	0.0	0.33	0.67	0.5	0.0	0.33	0.33	0.0	0.0	0.0	0.33	0.0	1.0	1	3	113	211
180	938	937	39.2	9.82	19.81	0.496	1.37	4.02	0.34	6.29	8.45	0.744	1.19	5.96	7.15	6.89	1.7	0.79	1.87	3.37	27.3	1	2	113	203
181	582	208	25.2	3.03	5.92	0.513	0.0	0.07	0.024	1.58	2.51	0.631	2.53	5.04	7.57	1.2	0.9	0.68	2.69	0.98	7.65	1	3	121	211
182	53	0	10.0	0.96	2.85	0.338	0.58	1.92	0.304	0.21	0.25	0.846	0.23	0.75	0.98	0.49	0.47	0.04	0.98	0.36	2.72	3	1	94	193
183	657	115	20.5	2.31	5.68	0.407	1.43	3.67	0.39	0.53	0.74	0.727	0.18	1.46	1.63	2.75	0.39	0.03	1.05	0.84	6.58	1	1	84	191
184	82	0	7.8	0.4	0.79	0.508	0.0	0.01	0.0	0.5	1.01	0.494	1.05	1.28	2.33	0.15	0.13	0.35	1.37	0.32	1.3	6	3	112	211
185	432	258	27.4	3.71	8.27	0.448	0.87	2.34	0.372	1.44	1.74	0.826	0.49	2.44	2.93	3.56	1.08	0.41	1.92	1.62	9.72	8	1	82	191
186	1030	617	26.2	4.2	9.23	0.455	0.03	0.12	0.238	2.45	3.11	0.79	2.38	4.0	6.38	0.98	0.59	0.84	2.89	1.25	10.88	1	2	102	208
187	651	393	30.8	5.35	11.05	0.485	0.91	2.23	0.406	2.51	2.92	0.86	1.03	2.97	4.0	2.35	0.6	0.25	2.12	1.49	14.12	1	2	109	201
188	878	792	33.1	4.93	12.14	0.406	1.41	3.95	0.357	2.13	2.56	0.833	0.8	2.66	3.46	6.12	1.09	0.09	1.94	2.32	13.4	1	1	78	178
189	776	123	16.3	1.68	3.9	0.429	0.12	0.35	0.352	0.99	1.27	0.779	0.19	1.13	1.32	2.47	0.52	0.02	1.63	1.02	4.46	1	1	86	185
190	395	49	15.7	1.71	3.27	0.524	0.0	0.02	0.0	1.17	1.97	0.594	1.38	2.64	4.02	0.37	0.48	0.69	2.49	0.85	4.59	8	3	113	211
191	891	349	26.5	4.61	10.24	0.45	1.46	3.98	0.368	3.53	4.26	0.827	0.7	3.03	3.74	4.0	1.38	0.31	2.14	2.09	14.21	1	1	93	198
192	1107	481	24.5	2.55	6.0	0.425	0.72	2.1	0.341	1.16	1.59	0.726	1.49	3.27	4.76	2.12	1.05	0.93	2.42	1.24	6.97	1	2	100	206
193	1039	1026	32.2	6.68	13.48	0.495	0.44	1.35	0.326	2.97	3.94	0.754	0.39	2.5	2.89	5.89	0.91	0.08	1.73	2.46	16.77	1	1	84	188
194	912	449	25.9	3.18	6.91	0.46	1.53	3.77	0.405	1.43	1.73	0.823	0.49	2.55	3.05	3.17	1.05	0.28	1.92	1.41	9.31	1	1	95	201
195	873	644	27.6	2.23	5.45	0.409	0.94	2.38	0.393	0.67	1.16	0.575	0.54	2.24	2.78	1.25	0.82	0.38	2.21	0.74	6.06	1	2	91	201
196	644	427	25.3	2.41	5.41	0.445	0.15	0.46	0.318	0.85	1.11	0.765	0.84	2.0	2.84	1.76	0.44	0.42	2.17	0.93	5.81	9	2	103	196
197	1229	951	33.0	6.97	15.88	0.439	1.54	4.12	0.373	3.75	4.69	0.799	1.24	3.48	4.72	3.52	1.08	0.62	2.79	1.95	19.23	1	2	100	198
198	742	445	26.6	3.95	9.04	0.437	0.8	2.49	0.322	3.21	4.04	0.795	0.33	1.96	2.29	4.57	1.13	0.21	2.3	1.96	11.92	1	1	84	191
199	317	25	17.8	2.35	5.79	0.406	1.03	2.74	0.375	1.38	1.77	0.784	0.4	2.24	2.64	0.89	0.43	0.26	2.2	0.88	7.1	6	2	100	208
200	1035	794	30.7	4.75	10.22	0.464	0.91	2.4	0.379	3.32	4.32	0.769	0.85	3.42	4.26	2.21	0.72	0.32	2.32	1.63	13.73	1	2	104	201
201	419	373	25.2	4.11	8.34	0.494	0.0	0.03	0.143	1.81	2.48	0.73	1.84	3.55	5.4	0.83	0.39	0.68	2.99	1.19	10.05	7	3	116	208
202	575	463	31.6	5.91	13.32	0.443	1.04	2.88	0.361	3.16	3.79	0.834	1.95	4.85	6.8	1.57	0.82	0.51	3.02	2.19	16.01	1	2	100	208
203	840	337	23.7	3.17	7.75	0.409	1.1	3.29	0.334	1.74	2.0	0.871	0.78	1.92	2.7	4.04	1.35	0.12	1.66	1.85	9.18	1	1	77	183
204	601	93	14.0	0.84	1.96	0.427	0.0	0.01	0.167	0.3	0.63	0.467	1.39	2.3	3.69	0.45	0.38	1.05	2.03	0.59	1.97	1	3	127	213
205	830	494	26.1	3.53	8.2	0.431	0.7	2.02	0.349	1.55	1.8	0.862	0.44	1.82	2.26	4.47	0.98	0.19	2.14	1.62	9.33	1	1	79	188
206	473	139	15.4	2.06	4.47	0.462	0.0	0.03	0.154	0.52	0.77	0.678	1.13	2.75	3.88	0.48	0.41	0.49	2.45	0.79	4.66	8	3	112	213
207	878	228	22.2	2.41	5.85	0.411	0.57	1.77	0.324	0.99	1.4	0.703	0.53	1.73	2.26	4.41	0.99	0.2	2.0	1.76	6.37	1	1	90	185
208	957	423	26.2	4.28	9.83	0.435	0.94	2.69	0.35	1.69	2.32	0.731	1.98	4.68	6.66	1.36	0.83	0.89	2.27	1.35	11.2	1	2	111	206
209	97	34	15.4	1.77	3.51	0.506	0.0	0.0	0.0	0.74	1.22	0.61	1.26	2.62	3.88	0.21	0.27	0.89	2.31	0.73	4.29	5	3	111	213
210	157	8	11.2	1.38	3.24	0.426	0.03	0.08	0.385	0.73	1.3	0.559	0.73	1.42	2.15	0.64	0.36	0.18	1.61	0.57	3.52	6	2	95	201
211	1208	900	30.3	5.42	11.55	0.469	0.0	0.04	0.12	2.54	3.32	0.764	1.94	4.21	6.15	2.2	0.68	0.26	2.89	2.04	13.38	1	2	109	206
212	478	125	15.2	2.17	4.95	0.439	0.01	0.03	0.188	0.53	0.68	0.778	0.97	1.86	2.83	0.48	0.27	0.46	1.88	0.67	4.88	1	2	116	208
213	610	71	18.9	3.14	7.47	0.42	0.84	2.41	0.348	1.13	1.41	0.799	0.31	1.67	1.98	3.47	0.39	0.03	1.49	1.44	8.24	9	1	84	183
214	987	771	24.3	2.82	5.67	0.498	0.0	0.02	0.125	1.76	2.82	0.626	2.76	4.34	7.1	0.83	0.33	1.42	2.91	1.45	7.41	1	3	120	211
215	1391	1350	36.0	4.47	11.18	0.4	1.43	4.1	0.349	2.23	2.84	0.785	1.27	5.0	6.27	8.69	1.93	0.32	1.85	2.87	12.6	1	1	95	193
216	554	173	22.7	3.19	7.29	0.437	0.83	2.12	0.391	1.3	1.57	0.829	0.24	1.46	1.7	3.12	0.52	0.02	1.91	1.19	8.5	1	1	77	183
217	1239	672	31.5	5.37	12.05	0.446	1.7	4.48	0.38	2.2	2.6	0.846	0.38	2.1	2.48	4.19	1.2	0.19	1.92	1.88	14.63	1	1	84	188
218	970	564	31.2	5.55	13.59	0.409	1.02	3.3	0.309	4.79	5.83	0.822	0.95	2.21	3.16	3.34	0.9	0.45	1.87	2.72	16.92	1	2	99	198
219	680	313	21.5	2.59	5.4	0.48	0.0	0.01	0.0	2.05	3.2	0.639	2.08	4.4	6.48	0.57	0.33	0.89	2.63	1.47	7.23	1	3	117	211
220	1294	1263	35.4	7.79	16.38	0.476	1.25	3.27	0.383	5.29	6.02	0.879	1.07	6.85	7.92	2.58	0.84	0.89	2.44	1.79	22.12	1	2	111	213
221	45	1	5.4	0.73	2.2	0.333	0.33	0.87	0.385	0.11	0.18	0.625	0.07	0.49	0.56	0.11	0.09	0.0	0.47	0.22	1.91	3	2	84	201
222	391	70	26.7	3.43	6.58	0.522	0.25	0.77	0.329	1.95	2.51	0.779	1.87	2.86	4.73	1.56	0.87	0.47	1.85	1.12	9.07	8	2	95	203
223	845	347	21.3	2.47	5.36	0.461	0.0	0.03	0.0	2.16	2.89	0.746	2.24	3.58	5.82	1.21	0.71	0.36	2.6	1.38	7.11	1	3	125	211
224	865	766	33.0	5.81	12.78	0.454	0.49	1.72	0.286	2.72	4.3	0.633	1.96	5.64	7.6	3.17	1.23	1.97	2.77	2.49	14.83	1	2	102	206
225	1001	950	33.9	5.4	12.4	0.436	1.52	4.0	0.379	2.36	2.94	0.802	0.53	2.57	3.1	5.51	1.17	0.15	1.93	2.13	14.68	1	1	88	188
226	334	129	25.6	3.37	8.24	0.409	0.13	0.65	0.193	2.4	3.15	0.762	0.58	1.9	2.49	4.31	1.51	0.12	2.48	1.74	9.27	1	1	77	180
227	119	25	15.7	2.72	5.95	0.458	0.03	0.11	0.231	1.43	1.92	0.746	1.3	2.74	4.04	0.97	0.45	0.39	1.98	1.13	6.9	5	2	121	206
228	1000	354	15.9	2.4	4.93	0.486	0.0	0.01	0.0	1.02	1.6	0.639	1.81	2.9	4.7	0.38	0.43	0.64	2.15	0.92	5.82	1	3	113	208
229	832	611	29.7	4.23	9.0	0.469	0.49	1.57	0.312	3.0	4.23	0.709	1.38	4.44	5.81	2.07	1.44	0.82	2.2	1.79	11.94	1	2	100	201
230	652	34	19.9	3.18	7.64	0.417	0.59	1.69	0.348	1.92	2.2	0.876	0.42	0.92	1.35	3.21	0.6	0.05	1.01	1.16	8.88	1	1	61	165
231	615	393	29.2	3.93	9.63	0.408	1.05	3.07	0.341	3.05	3.57	0.853	0.72	2.52	3.23	3.39	1.12	0.14	2.0	1.71	11.96	1	1	88	196
232	143	58	16.4	1.76	3.97	0.443	0.1	0.34	0.292	0.89	1.35	0.658	1.17	2.27	3.44	0.99	0.6	0.34	2.47	0.97	4.5	4	2	100	201
233	20	0	7.1	0.9	2.95	0.305	0.35	1.75	0.2	0.1	0.3	0.333	0.15	0.4	0.55	0.15	0.2	0.05	0.4	0.35	2.25	2	1	102	196
234	846	816	37.7	6.82	15.75	0.433	1.17	3.6	0.325	4.45	5.68	0.784	0.68	2.29	2.97	7.65	1.21	0.14	2.38	3.01	19.26	1	1	82	188
235	186	9	10.9	0.96	2.67	0.361	0.34	1.06	0.32	0.81	0.95	0.847	0.15	0.96	1.11	1.17	0.56	0.08	1.12	0.75	3.07	8	1	86	183
236	413	64	19.8	2.04	4.99	0.409	1.02	2.87	0.354	0.96	1.23	0.778	0.89	2.67	3.56	0.89	0.38	0.32	1.69	0.62	6.05	8	2	109	203
237	18	0	8.1	1.17	2.67	0.438	0.22	0.67	0.333	0.39	0.72	0.538	0.22	0.89	1.11	0.83	0.28	0.0	0.89	0.78	2.94	1	1	89	188
238	12	0	11.3	1.58	5.0	0.317	0.42	1.92	0.217	0.67	1.0	0.667	0.33	1.0	1.33	0.67	0.25	0.17	0.67	0.5	4.25	1	1	83	188
239	2	0	4.8	0.5	2.0	0.25	0.0	0.0	0.0	0.0	0.0	0.0	0.0	1.0	1.0	0.0	0.0	0.0	0.5	0.0	1.0	1	1	92	193
240	19	0	4.4	0.42	1.05	0.4	0.16	0.47	0.333	0.16	0.21	0.75	0.26	0.37	0.63	0.11	0.11	0.11	0.47	0.16	1.16	5	2	98	203
241	846	551	27.3	2.53	5.97	0.424	0.07	0.31	0.208	1.71	2.24	0.763	0.5	2.04	2.53	5.02	1.15	0.12	2.38	1.64	6.85	1	1	86	191
242	587	159	21.7	2.43	4.84	0.502	0.0	0.04	0.038	1.73	2.68	0.645	2.47	3.91	6.38	0.81	1.05	0.22	2.09	1.0	6.58	9	2	93	206
243	579	165	17.4	2.12	5.37	0.395	0.95	2.64	0.361	1.26	1.45	0.875	0.17	1.24	1.41	2.79	0.61	0.06	1.7	1.07	6.46	1	1	76	183
244	1424	892	26.9	4.98	10.23	0.487	0.03	0.13	0.211	2.12	2.98	0.713	2.9	5.46	8.36	0.93	0.67	0.52	2.93	1.77	12.12	2	3	111	213
245	26	0	10.3	1.77	3.15	0.561	0.0	0.08	0.0	0.58	0.85	0.682	1.31	2.12	3.42	0.42	0.31	0.42	0.96	0.5	4.12	1	2	109	211
246	300	58	15.4	2.03	5.06	0.401	0.6	1.75	0.341	1.17	1.4	0.831	0.25	1.1	1.35	2.51	0.55	0.04	1.71	1.08	5.82	6	1	86	183
247	232	11	9.7	0.94	2.33	0.402	0.15	0.46	0.321	0.53	0.72	0.741	0.25	0.74	0.98	1.17	0.35	0.04	0.93	0.5	2.55	9	1	84	178
248	949	795	31.9	4.48	10.56	0.424	1.18	3.21	0.368	2.34	2.98	0.786	0.55	1.98	2.53	4.38	1.35	0.17	2.43	1.91	12.48	1	1	86	183
249	1380	839	30.8	5.35	12.23	0.438	0.91	2.55	0.356	2.58	3.74	0.689	1.34	3.23	4.57	2.24	1.02	1.01	3.03	1.81	14.19	1	2	102	208
250	151	9	12.1	1.38	3.01	0.459	0.0	0.01	0.0	0.39	0.54	0.728	1.26	2.17	3.43	0.43	0.21	0.37	1.69	0.49	3.16	3	2	116	211
251	69	2	12.3	1.99	3.68	0.539	0.0	0.0	0.0	1.0	1.29	0.775	1.06	1.91	2.97	0.43	0.29	0.45	2.07	1.06	4.97	3	3	113	208
252	49	1	9.3	1.37	2.39	0.573	0.0	0.02	0.0	0.63	1.82	0.348	1.45	1.9	3.35	0.04	0.2	0.43	1.39	0.39	3.37	2	3	118	208
253	729	421	24.9	2.77	6.72	0.412	0.02	0.16	0.134	1.77	2.24	0.789	0.39	2.06	2.45	6.15	1.69	0.12	2.55	1.88	7.33	1	1	77	178
254	418	319	25.6	4.59	8.24	0.556	0.0	0.02	0.111	2.36	3.42	0.69	2.41	5.3	7.71	1.17	0.32	1.57	2.46	1.54	11.54	9	3	129	213
255	137	9	10.5	1.27	3.15	0.404	0.0	0.03	0.0	0.91	1.2	0.752	0.55	0.8	1.36	0.5	0.23	0.14	1.6	0.58	3.45	3	2	109	203
256	34	0	4.9	0.38	1.35	0.283	0.09	0.35	0.25	0.29	0.47	0.625	0.18	0.29	0.47	0.38	0.18	0.0	0.32	0.21	1.15	2	2	92	206
257	249	39	20.2	3.71	8.61	0.431	1.17	3.18	0.368	1.37	1.85	0.741	0.46	1.57	2.03	1.33	0.73	0.24	2.35	1.45	9.96	4	1	94	193
258	237	8	12.3	1.91	4.98	0.384	0.69	2.0	0.345	0.32	0.42	0.768	0.24	0.76	1.0	1.52	0.36	0.01	0.82	0.54	4.83	8	1	75	180
259	377	84	16.2	2.27	4.71	0.483	0.14	0.48	0.3	1.25	1.53	0.815	0.72	2.08	2.81	0.55	0.36	0.11	2.13	0.82	5.94	6	1	102	201
260	162	9	4.9	0.35	0.77	0.448	0.01	0.06	0.2	0.25	0.44	0.563	0.37	0.51	0.88	0.31	0.28	0.05	0.83	0.19	0.95	4	1	95	196
261	23	1	4.2	0.48	1.09	0.44	0.0	0.0	0.0	0.26	0.52	0.5	0.3	0.35	0.65	0.78	0.26	0.0	0.57	0.48	1.22	2	2	95	201
262	800	340	28.1	3.97	9.0	0.441	0.74	2.14	0.347	2.38	2.78	0.855	0.32	2.54	2.86	4.46	0.8	0.13	1.84	2.0	11.06	1	1	91	191
263	409	65	20.0	3.1	7.12	0.435	0.95	2.82	0.335	1.56	2.04	0.763	0.95	2.65	3.59	0.78	0.39	0.18	2.17	1.0	8.71	7	2	106	203
264	51	2	9.9	1.31	2.8	0.469	0.0	0.0	0.0	0.69	0.8	0.854	0.84	1.1	1.94	0.22	0.29	0.02	1.63	0.53	3.31	2	2	116	206
265	600	361	23.6	3.75	8.19	0.458	0.52	1.48	0.353	0.99	1.42	0.703	1.53	4.4	5.93	1.89	0.4	1.0	2.63	1.49	9.02	8	3	111	216
266	249	10	24.0	2.97	7.44	0.399	1.66	4.61	0.36	1.45	1.73	0.84	0.51	1.93	2.44	2.22	1.0	0.16	1.48	1.15	9.05	4	1	84	198
267	334	152	19.5	3.09	5.53	0.558	0.0	0.02	0.0	1.92	2.77	0.693	1.65	3.47	5.13	1.22	0.57	0.61	1.95	1.11	8.1	5	2	111	211
268	16	4	19.0	2.0	4.44	0.451	0.0	0.0	0.0	1.19	2.0	0.594	1.62	1.69	3.31	0.19	0.81	1.38	2.19	0.94	5.19	1	2	98	203
269	835	834	35.5	6.41	11.06	0.58	0.01	0.06	0.102	5.14	9.0	0.571	3.54	9.17	12.71	1.51	0.99	2.1	3.31	3.07	17.97	1	3	120	211
270	571	178	22.4	2.73	5.79	0.472	0.02	0.11	0.18	1.28	1.61	0.796	0.64	1.95	2.58	3.36	0.77	0.39	1.92	1.44	6.76	1	1	83	201
271	139	75	11.4	1.12	2.77	0.405	0.01	0.03	0.25	0.55	0.81	0.679	0.89	1.95	2.84	0.29	0.37	0.12	2.16	0.8	2.8	3	3	127	211
272	864	758	35.8	4.9	10.62	0.462	0.95	2.84	0.335	2.99	4.18	0.716	1.01	4.43	5.44	4.65	1.67	0.48	1.92	2.18	13.74	1	2	94	198
273	72	3	10.0	1.17	3.26	0.357	0.44	1.24	0.36	0.72	0.99	0.732	0.38	0.86	1.24	0.81	0.33	0.04	0.99	0.68	3.5	4	2	98	201
274	516	311	21.6	2.78	4.67	0.594	0.0	0.0	0.0	0.74	1.48	0.5	2.31	4.73	7.04	0.91	0.64	1.12	3.15	0.93	6.29	1	3	113	213
275	564	193	21.5	2.73	7.01	0.39	0.64	2.01	0.319	1.31	1.68	0.777	0.27	1.33	1.59	3.48	0.73	0.13	2.12	1.52	7.42	1	1	77	183
276	714	196	18.4	2.69	5.76	0.468	0.03	0.12	0.282	1.44	2.08	0.694	1.81	3.78	5.59	0.71	0.42	0.59	1.86	0.9	6.87	1	2	107	206
277	786	242	26.6	4.74	11.21	0.423	1.94	5.21	0.371	1.74	2.37	0.735	0.54	2.71	3.25	2.25	1.01	0.22	2.29	1.47	13.15	1	1	102	198
278	549	222	22.4	3.02	7.12	0.424	1.12	3.08	0.365	1.21	1.5	0.806	0.68	3.13	3.81	1.55	0.76	0.49	1.44	0.87	8.37	1	2	93	206
279	741	591	28.5	4.58	10.46	0.438	1.34	3.63	0.369	1.53	1.88	0.813	0.51	2.54	3.05	5.23	0.92	0.07	2.55	2.18	12.04	1	1	86	183
280	6	0	4.7	0.0	0.33	0.0	0.0	0.0	0.0	0.67	1.33	0.5	0.0	1.5	1.5	0.0	0.0	0.17	0.67	0.67	0.67	2	3	118	226
281	690	341	21.5	3.07	6.46	0.476	0.14	0.51	0.269	1.72	2.4	0.719	1.11	2.14	3.26	1.34	1.4	0.43	2.34	1.37	8.01	1	1	97	193
282	685	503	30.8	5.53	12.62	0.438	1.64	4.24	0.385	5.11	5.87	0.87	0.57	2.68	3.25	1.94	0.92	0.11	1.93	1.71	17.8	1	1	90	201
283	499	37	15.8	1.91	4.88	0.391	0.94	2.56	0.365	0.74	0.86	0.867	0.35	1.51	1.86	1.28	0.6	0.06	1.58	0.57	5.49	8	1	88	201
284	771	268	22.4	3.38	7.29	0.464	0.58	1.66	0.349	1.26	1.51	0.83	0.39	1.71	2.09	3.46	0.72	0.09	1.58	1.44	8.59	1	1	93	191
285	745	444	28.1	3.68	8.61	0.427	1.11	3.21	0.346	1.65	2.33	0.71	1.11	3.66	4.77	2.08	1.45	0.33	2.04	1.46	10.12	1	2	98	203
286	1	0	1.4	0.0	0.0	0.0	0.0	0.0	0.0	2.0	2.0	1.0	1.0	0.0	1.0	0.0	0.0	0.0	0.0	0.0	2.0	1	1	94	193
287	46	4	6.9	0.61	1.17	0.519	0.0	0.0	0.0	0.3	0.61	0.5	0.43	1.02	1.46	0.07	0.09	0.28	1.35	0.57	1.52	2	3	138	221
288	31	0	8.8	0.74	2.32	0.319	0.16	0.94	0.172	1.1	1.35	0.81	0.16	0.55	0.71	0.9	0.23	0.03	1.06	0.94	2.74	1	1	95	193
289	81	1	9.7	0.98	2.52	0.387	0.05	0.21	0.235	0.3	0.52	0.571	0.06	0.54	0.6	1.28	0.41	0.01	0.86	0.59	2.3	2	1	91	185
290	36	0	12.0	1.17	3.47	0.336	0.33	1.36	0.245	0.42	0.67	0.625	0.11	0.75	0.86	1.42	0.36	0.0	0.83	0.67	3.08	1	1	82	183
291	6	0	3.3	0.83	1.67	0.5	0.0	0.0	0.0	0.17	0.33	0.5	0.17	0.5	0.67	0.0	0.0	0.17	0.67	0.5	1.83	2	3	125	221
292	16	0	4.8	0.88	1.81	0.483	0.31	0.62	0.5	0.12	0.12	1.0	0.06	0.12	0.19	0.69	0.12	0.0	0.56	0.69	2.19	1	1	93	188
293	85	1	9.1	0.92	2.67	0.344	0.0	0.04	0.0	0.48	0.89	0.539	1.01	1.21	2.22	0.21	0.24	0.21	1.33	0.56	2.32	3	2	107	203
294	72	12	11.9	1.42	3.69	0.383	0.49	1.33	0.365	0.58	0.88	0.667	0.29	0.93	1.22	0.4	0.32	0.32	1.28	0.89	3.9	3	2	102	203
295	75	54	26.1	3.64	9.13	0.399	0.87	2.69	0.322	1.37	2.15	0.64	0.36	2.24	2.6	4.67	1.15	0.23	2.39	2.28	9.52	2	1	88	188
296	103	28	21.4	3.44	9.39	0.366	0.89	2.79	0.321	1.59	2.07	0.77	0.28	1.1	1.38	1.89	0.67	0.14	2.06	1.32	9.36	4	1	91	188
297	172	16	11.4	1.1	3.64	0.304	0.25	1.06	0.235	0.49	0.67	0.73	0.63	1.15	1.78	0.66	0.27	0.3	1.32	0.73	2.95	4	2	102	213
298	83	23	13.4	1.16	2.75	0.421	0.0	0.01	0.0	0.8	1.07	0.742	1.19	2.16	3.35	0.77	0.17	0.55	2.41	0.84	3.11	3	3	109	213
299	35	0	4.1	0.57	1.69	0.339	0.11	0.23	0.5	0.23	0.26	0.889	0.29	0.46	0.74	0.2	0.17	0.06	0.6	0.11	1.49	1	3	118	211
300	86	3	11.1	1.07	3.03	0.352	0.28	0.93	0.3	0.52	0.63	0.833	0.15	0.74	0.9	1.93	0.4	0.13	1.01	0.97	2.94	3	1	96	191
301	247	102	18.6	2.09	5.18	0.403	0.48	1.39	0.343	1.49	1.99	0.752	0.49	1.95	2.44	1.52	0.76	0.06	1.6	1.06	6.15	4	2	94	198
302	233	73	15.5	2.42	5.0	0.485	0.0	0.01	0.0	1.67	2.42	0.689	1.72	2.77	4.48	0.62	0.31	0.46	2.44	1.19	6.51	4	2	125	203
303	507	170	22.8	2.9	7.24	0.401	1.34	3.66	0.365	0.97	1.28	0.758	0.57	3.01	3.58	1.75	0.91	0.17	1.63	1.0	8.12	9	1	104	198
304	429	306	27.7	4.26	9.84	0.433	0.3	1.02	0.289	2.36	2.9	0.815	0.69	2.41	3.1	5.82	1.16	0.13	2.27	2.44	11.18	9	1	75	183
305	759	601	28.8	4.69	8.63	0.544	0.01	0.05	0.108	2.97	4.43	0.669	1.92	4.73	6.65	1.99	1.18	0.83	3.22	1.98	12.35	1	3	113	211
306	167	24	12.3	1.68	3.72	0.452	0.21	0.59	0.357	0.56	0.93	0.603	0.64	1.66	2.31	0.63	0.43	0.17	1.35	0.83	4.14	4	2	100	203
307	809	800	36.0	8.64	17.67	0.489	0.48	1.66	0.288	6.14	8.01	0.766	1.26	3.6	4.86	5.84	1.69	0.9	2.35	3.39	23.9	1	1	100	193
308	869	857	35.8	6.94	14.05	0.494	0.31	0.93	0.333	5.03	6.29	0.8	2.19	6.37	8.56	2.0	0.83	1.06	2.42	2.03	19.23	1	2	107	211
309	859	859	36.4	8.92	19.66	0.454	1.12	3.24	0.345	6.12	7.54	0.811	1.89	4.69	6.58	3.08	1.09	0.48	2.94	2.88	25.09	1	2	109	203
310	348	37	16.0	2.13	4.93	0.432	0.36	1.1	0.327	1.3	1.7	0.768	0.29	1.2	1.49	2.09	0.76	0.16	1.94	1.25	5.92	8	1	91	188
311	71	1	8.5	0.68	2.08	0.324	0.1	0.37	0.269	0.28	0.46	0.606	0.13	0.62	0.75	0.7	0.24	0.04	0.56	0.37	1.73	3	1	95	198
312	6	0	5.7	0.67	3.0	0.222	0.0	0.67	0.0	0.5	0.5	1.0	0.5	0.17	0.67	0.67	0.17	0.0	1.0	1.0	1.83	2	1	82	185
313	847	727	31.2	6.13	12.5	0.49	0.06	0.23	0.251	2.87	3.5	0.818	1.92	5.12	7.04	2.23	0.77	0.81	2.48	1.73	15.18	1	2	109	206
314	947	527	28.2	3.74	7.57	0.494	0.47	1.37	0.341	1.05	1.46	0.714	1.25	3.34	4.59	3.61	0.65	0.52	2.25	1.85	9.0	1	2	113	203
315	622	98	20.9	3.21	7.58	0.423	0.55	1.64	0.337	1.51	2.03	0.744	0.77	2.4	3.17	0.83	0.53	0.61	1.66	0.82	8.48	1	2	94	206
316	421	74	13.4	2.17	4.95	0.439	0.62	1.63	0.382	0.52	0.67	0.783	0.73	1.92	2.65	0.6	0.32	0.32	1.87	0.6	5.49	9	2	106	206
317	19	0	4.5	0.89	1.84	0.486	0.0	0.05	0.0	0.32	0.68	0.462	0.42	0.58	1.0	0.21	0.05	0.26	0.68	0.32	2.11	2	2	105	206
318	751	562	22.2	2.23	4.2	0.531	0.0	0.02	0.0	1.06	1.77	0.596	1.71	4.17	5.88	1.04	0.33	1.19	2.77	1.59	5.52	1	3	122	208
319	740	112	22.6	4.22	9.18	0.46	1.26	3.23	0.389	1.56	1.91	0.818	0.39	1.69	2.07	2.23	0.86	0.15	2.03	1.33	11.26	1	1	88	191
320	508	87	17.9	2.63	5.96	0.442	0.9	2.07	0.434	0.53	0.63	0.835	0.32	1.34	1.66	0.82	0.35	0.05	1.53	0.64	6.69	9	2	97	203
321	564	138	17.2	1.86	4.34	0.429	0.32	0.99	0.326	0.65	0.91	0.715	0.85	1.96	2.82	2.34	0.55	0.18	1.44	1.06	4.7	1	2	107	203
322	2	0	2.5	0.5	1.5	0.333	0.0	0.0	0.0	0.0	0.0	0.0	0.0	0.5	0.5	0.0	0.0	0.0	0.0	0.0	1.0	2	2	108	208
323	839	345	24.2	2.4	5.99	0.401	1.2	3.14	0.384	0.59	0.75	0.777	0.29	1.82	2.11	3.97	0.69	0.07	1.49	1.41	6.59	1	1	78	191
324	1	0	3.0	0.0	1.0	0.0	0.0	0.0	0.0	0.0	0.0	0.0	0.0	0.0	0.0	0.0	0.0	0.0	1.0	0.0	0.0	1	3	128	229
325	2	0	15.9	1.0	1.5	0.667	0.0	0.0	0.0	0.0	0.0	0.0	0.5	1.5	2.0	3.5	0.0	0.0	2.0	2.0	2.0	3	1	88	191
326	731	297	20.2	3.31	7.77	0.425	0.71	2.04	0.346	0.97	1.27	0.765	0.33	1.45	1.78	1.39	0.54	0.15	1.72	0.96	8.29	1	1	91	191
327	11	0	5.0	0.36	0.82	0.444	0.0	0.0	0.0	0.27	0.45	0.6	0.45	0.55	1.0	0.18	0.0	0.27	1.27	0.18	1.0	4	3	129	208
328	638	91	16.5	1.77	4.47	0.397	1.14	2.87	0.398	0.79	0.94	0.844	0.34	1.57	1.91	0.54	0.34	0.32	1.37	0.34	5.48	1	2	98	203
329	914	346	26.4	3.45	7.79	0.443	1.96	4.53	0.432	1.18	1.34	0.881	0.32	2.81	3.13	1.83	0.71	0.34	2.19	1.1	10.04	1	2	96	201
330	67	12	9.4	1.34	2.82	0.476	0.0	0.04	0.0	0.6	1.22	0.488	1.12	1.67	2.79	0.33	0.25	0.12	1.22	0.66	3.28	2	3	118	201
331	13	4	6.2	0.62	1.31	0.471	0.0	0.0	0.0	0.08	0.15	0.5	0.15	0.46	0.62	0.08	0.0	0.0	1.46	0.69	1.31	1	3	111	213
332	861	776	31.2	6.79	13.03	0.521	0.0	0.02	0.071	2.65	3.67	0.722	2.37	7.15	9.51	2.24	0.89	0.41	3.03	2.12	16.23	1	2	121	206
333	59	39	23.4	2.85	7.25	0.393	0.36	1.32	0.269	0.83	1.05	0.79	0.61	2.14	2.75	2.2	0.97	0.56	2.46	1.37	6.88	2	2	95	201
334	9	0	3.9	0.33	1.33	0.25	0.0	0.33	0.0	0.56	0.89	0.625	0.11	0.67	0.78	0.56	0.33	0.11	0.44	0.33	1.22	2	1	86	193
335	73	0	7.8	1.07	2.29	0.467	0.0	0.01	0.0	0.58	0.9	0.636	1.04	1.53	2.58	0.15	0.14	0.22	2.12	0.56	2.71	2	3	118	208
336	162	5	11.6	1.52	3.27	0.466	0.01	0.03	0.2	0.88	1.33	0.657	1.1	1.85	2.94	0.25	0.23	0.36	2.0	0.67	3.93	4	2	118	203
337	1	0	6.0	2.0	3.0	0.667	0.0	0.0	0.0	0.0	0.0	0.0	1.0	0.0	1.0	0.0	0.0	0.0	0.0	1.0	4.0	1	2	111	201
338	4	0	2.6	0.25	0.25	1.0	0.0	0.0	0.0	0.0	0.0	0.0	0.25	0.0	0.25	0.0	0.0	0.0	0.5	0.0	0.5	3	2	102	206
339	10	0	11.0	1.0	3.1	0.323	0.0	0.0	0.0	0.7	1.2	0.583	1.2	1.3	2.5	0.3	0.3	0.4	1.9	0.2	2.7	2	2	125	206
340	44	4	7.4	0.34	1.2	0.283	0.0	0.0	0.0	0.48	1.07	0.447	0.61	0.95	1.57	0.36	0.32	0.14	1.34	0.39	1.16	2	2	113	211
341	113	26	18.9	2.48	5.77	0.429	0.4	1.15	0.346	1.13	1.33	0.853	0.27	1.44	1.72	3.79	0.74	0.04	2.46	1.96	6.49	3	1	79	183
342	886	694	24.4	3.17	6.09	0.521	0.0	0.01	0.083	1.35	1.91	0.706	2.58	5.25	7.84	0.52	0.49	1.74	2.94	1.43	7.69	1	3	113	211
343	108	0	6.5	0.94	2.66	0.352	0.23	0.69	0.333	0.11	0.19	0.6	0.2	0.38	0.58	0.22	0.2	0.04	0.77	0.34	2.21	4	1	84	196
344	82	4	12.9	0.82	2.7	0.303	0.16	0.54	0.295	0.7	1.01	0.687	0.82	1.51	2.33	0.82	0.59	0.15	1.15	0.5	2.49	3	1	91	198
345	25	0	5.0	0.44	1.88	0.234	0.0	0.24	0.0	0.32	0.4	0.8	0.2	0.48	0.68	0.68	0.24	0.0	0.28	0.52	1.2	3	1	88	193
346	27	0	5.0	0.48	2.07	0.232	0.0	0.22	0.0	0.22	0.44	0.5	0.19	0.81	1.0	0.3	0.0	0.22	0.7	0.37	1.19	4	2	110	206
347	737	211	21.9	2.91	7.02	0.415	1.32	3.48	0.378	0.83	1.09	0.758	0.89	2.89	3.78	1.35	0.73	0.36	2.11	1.13	7.98	1	2	107	208
348	218	21	15.4	2.83	6.67	0.424	0.42	1.33	0.314	0.99	1.32	0.749	0.52	1.71	2.22	1.09	0.54	0.3	1.42	1.31	7.06	4	2	108	206
349	943	741	28.6	3.25	5.51	0.59	0.0	0.01	0.0	2.24	3.47	0.646	3.18	6.08	9.26	0.83	0.57	1.3	2.96	1.5	8.74	1	3	109	216
350	173	13	11.6	1.26	2.66	0.474	0.01	0.08	0.143	0.26	0.51	0.511	1.29	2.13	3.42	0.54	0.14	0.27	1.16	0.65	2.79	5	2	111	208
351	303	116	22.2	2.82	7.47	0.377	0.78	2.48	0.315	0.75	1.11	0.671	1.64	4.12	5.76	0.78	0.35	1.71	1.67	0.75	7.17	6	2	100	208
352	27	4	9.9	1.19	3.33	0.356	0.15	0.56	0.267	0.33	0.37	0.9	0.19	0.59	0.78	1.48	0.7	0.04	1.11	0.63	2.85	3	1	80	185
353	341	214	18.2	2.97	5.96	0.498	0.0	0.02	0.167	1.25	1.79	0.701	1.65	2.24	3.89	0.52	0.2	0.39	2.14	0.8	7.19	8	3	114	218
354	315	168	15.9	1.84	3.76	0.49	0.0	0.0	0.0	1.07	1.63	0.657	1.38	2.54	3.93	0.32	0.23	0.71	2.19	0.85	4.75	7	3	129	218
355	95	1	10.2	1.02	2.83	0.361	0.0	0.02	0.0	0.6	1.07	0.559	0.88	1.62	2.51	0.39	0.31	0.45	1.72	0.76	2.64	3	3	116	216
356	711	486	27.2	3.86	9.24	0.418	1.42	3.8	0.373	1.58	2.05	0.772	0.8	2.69	3.49	1.53	0.9	0.19	2.26	1.01	10.73	1	1	100	201
357	997	572	26.8	3.86	9.06	0.426	1.25	3.26	0.384	2.08	2.65	0.784	0.65	3.33	3.98	2.84	0.75	0.3	2.41	1.58	11.06	1	2	100	208
358	728	86	19.4	2.49	5.98	0.416	0.61	1.75	0.349	1.38	1.72	0.799	0.18	1.14	1.32	2.2	0.64	0.1	1.68	1.1	6.96	1	1	89	191
359	592	395	19.8	1.51	2.74	0.552	0.0	0.01	0.0	0.85	1.52	0.557	1.88	4.31	6.19	0.43	0.27	1.41	2.71	0.97	3.87	1	3	111	216
360	446	190	26.3	4.2	8.91	0.472	0.05	0.29	0.168	1.65	2.8	0.59	1.29	3.62	4.91	1.88	0.86	1.11	2.3	2.0	10.11	9	2	95	206
361	757	667	30.6	5.12	10.61	0.483	0.09	0.37	0.234	1.99	3.17	0.629	1.73	5.08	6.81	1.9	1.18	1.14	3.3	1.74	12.32	1	2	109	206
362	436	256	20.1	2.87	6.26	0.459	0.01	0.03	0.231	1.73	2.45	0.704	1.98	3.3	5.28	0.51	0.29	1.02	2.9	1.23	7.48	9	3	120	213
363	289	35	20.9	3.81	8.77	0.435	0.07	0.38	0.191	1.92	2.78	0.691	1.3	3.34	4.64	1.22	0.46	0.28	2.24	1.48	9.62	6	2	112	203
364	187	58	21.7	3.5	8.3	0.422	0.22	0.65	0.339	1.81	2.23	0.813	0.66	1.52	2.19	1.21	0.59	0.1	2.02	1.09	9.04	5	1	93	196
365	69	9	12.4	1.23	2.88	0.427	0.0	0.01	0.0	1.33	1.81	0.736	1.28	1.99	3.26	0.12	0.25	0.93	2.12	0.58	3.8	5	3	116	213
366	205	40	16.2	2.21	4.8	0.46	0.0	0.05	0.1	1.19	1.8	0.659	1.27	2.76	4.03	0.79	0.47	0.39	2.26	1.02	5.61	5	2	100	203
367	167	10	11.2	1.4	3.59	0.389	0.07	0.27	0.267	0.78	1.08	0.728	0.2	0.85	1.05	1.85	0.4	0.03	1.28	1.2	3.65	6	1	93	188
368	948	836	32.7	4.87	11.71	0.416	1.2	3.5	0.342	2.68	3.74	0.716	1.21	3.42	4.62	2.75	1.79	0.55	2.67	1.87	13.62	1	2	118	201
369	835	692	34.2	5.85	14.31	0.409	1.6	4.98	0.32	2.8	3.94	0.711	0.91	2.9	3.81	7.22	1.83	0.43	2.83	2.76	16.1	1	1	98	191
370	961	684	33.4	5.01	10.81	0.463	0.69	2.21	0.312	2.6	3.75	0.693	1.89	6.49	8.39	3.7	0.88	0.93	3.03	2.34	13.3	1	2	104	208
371	262	28	14.7	1.94	4.66	0.417	0.39	1.13	0.34	1.27	1.67	0.763	0.58	1.64	2.22	0.65	0.16	0.65	1.49	0.98	5.55	8	2	92	211
372	1041	867	33.3	6.31	12.6	0.501	0.0	0.02	0.1	3.48	4.73	0.736	3.16	5.46	8.62	2.08	0.9	1.75	2.96	1.97	16.1	1	2	115	206
373	1280	935	31.2	4.69	10.19	0.46	0.15	0.69	0.218	3.12	3.87	0.807	1.07	2.65	3.72	6.62	1.2	0.18	2.24	2.42	12.65	1	1	91	191
374	1163	1062	34.5	6.27	12.95	0.484	0.68	2.06	0.331	2.0	2.47	0.81	2.35	6.34	8.69	1.89	1.51	1.06	2.18	1.5	15.22	1	2	103	201
375	119	5	14.6	1.85	4.45	0.416	0.72	1.82	0.396	1.02	1.12	0.91	0.24	1.09	1.34	1.28	0.47	0.12	1.5	0.82	5.44	4	1	91	193
376	15	6	10.1	0.53	1.73	0.308	0.0	0.0	0.0	0.67	1.07	0.625	0.73	1.67	2.4	0.47	0.13	0.2	2.47	1.33	1.73	4	3	113	221
377	142	1	8.5	0.96	2.92	0.33	0.28	1.11	0.255	0.46	0.64	0.714	0.12	0.54	0.65	1.4	0.24	0.04	0.88	0.75	2.67	4	1	89	188
378	797	546	30.0	3.95	8.33	0.474	0.46	1.49	0.31	3.48	4.61	0.754	1.76	3.7	5.46	2.72	1.38	1.83	2.01	1.9	11.83	1	2	107	206
379	142	0	9.7	1.15	2.84	0.404	0.01	0.08	0.182	0.68	0.88	0.768	0.63	1.28	1.92	0.2	0.3	0.32	1.09	0.3	2.99	3	2	111	208
380	159	20	11.7	1.46	3.67	0.397	0.23	0.7	0.333	0.42	0.58	0.71	0.45	0.87	1.32	0.6	0.37	0.23	2.11	0.62	3.57	4	2	98	201
381	43	0	6.1	0.6	1.84	0.329	0.02	0.07	0.333	0.35	0.53	0.652	0.53	0.53	1.07	0.26	0.05	0.21	0.77	0.3	1.58	4	2	96	201
382	864	480	26.9	2.89	7.05	0.41	1.2	3.43	0.349	1.61	1.97	0.82	0.87	3.83	4.7	1.64	1.06	0.34	2.7	1.14	8.59	1	2	98	203
383	632	406	27.4	3.65	7.86	0.465	0.09	0.38	0.244	1.9	2.71	0.699	2.29	4.58	6.87	1.54	0.83	0.44	2.5	1.67	9.3	1	2	111	201
384	199	23	19.1	2.62	6.83	0.383	0.55	1.71	0.321	1.16	1.59	0.726	0.59	1.28	1.87	2.68	0.88	0.16	1.94	1.3	6.94	4	1	86	193
385	471	116	20.8	2.75	6.48	0.424	0.9	2.59	0.349	0.66	0.94	0.704	1.17	3.05	4.22	0.87	0.65	0.31	1.85	0.82	7.06	8	2	99	203
386	15	0	6.9	0.73	1.87	0.393	0.0	0.0	0.0	0.73	1.13	0.647	0.73	1.47	2.2	0.2	0.33	0.07	0.87	0.2	2.2	5	2	107	208
387	448	19	12.5	1.52	3.7	0.41	0.54	1.44	0.373	0.62	0.84	0.736	0.9	1.84	2.74	0.73	0.41	0.19	1.52	0.56	4.18	8	2	109	206
388	563	437	25.8	3.96	8.49	0.466	0.85	2.34	0.363	1.35	1.89	0.711	1.77	4.31	6.08	1.08	0.49	1.63	3.31	0.91	10.11	1	2	111	211
389	788	666	29.4	3.89	9.77	0.398	1.57	4.8	0.327	1.14	1.4	0.813	0.24	2.05	2.3	5.85	1.18	0.08	1.4	2.09	10.49	1	1	86	185
390	500	393	26.3	3.58	8.22	0.435	0.0	0.0	0.0	1.12	1.87	0.597	1.9	4.93	6.83	0.65	0.45	1.39	3.04	1.8	8.27	9	3	122	213
391	1279	1242	35.1	6.68	14.96	0.446	1.62	4.39	0.37	5.38	6.67	0.806	0.85	4.91	5.76	3.64	1.35	0.57	2.75	2.72	20.35	1	2	107	201
392	587	84	15.0	2.12	4.83	0.439	0.0	0.01	0.125	0.66	0.84	0.791	0.99	2.34	3.33	0.58	0.34	0.36	2.24	0.64	4.91	1	3	119	211
393	353	64	22.6	3.34	6.68	0.5	0.0	0.05	0.053	1.48	2.3	0.645	1.86	4.08	5.94	0.91	0.52	1.62	2.87	1.33	8.16	6	3	100	211
394	212	206	35.3	5.75	13.32	0.432	1.36	3.38	0.402	2.5	3.19	0.784	0.84	2.03	2.87	2.6	1.0	0.4	2.6	1.92	15.36	6	1	86	196
395	665	348	26.4	4.36	9.07	0.481	0.24	0.71	0.333	2.54	3.37	0.753	1.93	3.14	5.06	1.36	0.75	0.17	2.63	1.51	11.5	1	2	104	201
396	243	46	16.3	1.72	4.51	0.382	0.62	1.66	0.371	0.38	0.46	0.83	0.23	0.98	1.21	2.16	0.51	0.04	1.2	0.86	4.45	6	1	84	188
397	811	593	22.2	3.17	6.31	0.502	0.0	0.02	0.077	0.47	0.8	0.585	1.87	3.24	5.11	1.03	0.41	1.15	2.7	0.92	6.81	1	3	116	213
398	17	0	5.3	0.82	2.24	0.368	0.0	0.35	0.0	0.29	0.47	0.625	0.76	1.18	1.94	0.29	0.18	0.06	0.82	0.47	1.94	2	2	113	206
399	552	107	20.0	2.68	6.42	0.417	1.14	2.88	0.398	0.78	0.96	0.806	0.62	2.02	2.64	0.8	0.44	0.19	2.31	0.76	7.28	1	2	108	206
400	113	45	18.8	2.99	7.32	0.409	0.04	0.4	0.111	1.2	1.47	0.819	0.81	1.92	2.73	1.1	0.36	0.12	1.75	1.24	7.23	4	2	100	203
401	249	80	16.6	2.21	5.12	0.432	0.19	0.59	0.327	1.2	1.83	0.659	0.85	1.57	2.43	1.01	0.65	0.25	1.81	1.02	5.82	6	2	90	196
402	981	445	28.5	5.13	11.54	0.444	1.0	2.83	0.352	2.25	3.09	0.727	1.52	4.06	5.59	1.68	0.87	0.25	3.13	1.87	13.49	1	2	111	206
403	68	5	11.1	1.76	3.46	0.511	0.13	0.37	0.36	0.5	0.68	0.739	0.41	0.76	1.18	0.53	0.49	0.04	1.97	0.5	4.16	3	1	98	193
404	153	16	14.3	2.07	5.31	0.39	0.37	1.29	0.289	0.94	1.44	0.652	0.55	1.14	1.69	0.93	0.46	0.31	2.07	1.07	5.46	6	1	91	198
405	837	428	21.1	2.56	5.24	0.488	0.01	0.09	0.162	0.94	1.36	0.69	1.64	3.48	5.12	0.62	0.5	0.85	2.63	0.84	6.07	1	2	104	211
406	432	278	31.0	5.76	13.43	0.429	0.14	0.56	0.25	1.97	2.44	0.808	0.89	2.22	3.11	2.13	1.06	0.26	2.04	1.58	13.64	8	1	95	201
407	824	410	25.9	4.2	9.61	0.437	1.17	3.17	0.369	1.91	2.52	0.758	0.98	3.12	4.1	1.54	0.74	0.36	2.74	1.48	11.47	1	2	109	208
408	733	269	17.8	1.8	3.77	0.477	0.0	0.0	0.0	0.48	0.96	0.499	1.77	2.95	4.72	0.47	0.36	1.62	2.15	0.81	4.08	1	3	113	208
409	440	175	20.1	2.72	5.76	0.472	0.0	0.03	0.167	2.77	3.54	0.785	2.72	4.52	7.24	0.69	0.41	0.22	3.53	1.49	8.22	1	2	118	201
410	236	145	20.4	3.05	7.31	0.417	0.08	0.32	0.237	1.58	2.24	0.703	1.21	2.08	3.29	1.13	0.78	0.36	2.06	1.31	7.75	8	2	101	198
411	659	88	17.4	2.26	5.55	0.407	0.65	1.92	0.34	1.61	1.88	0.861	1.06	2.96	4.02	0.95	0.37	0.33	1.66	1.0	6.79	1	2	107	206
412	534	227	25.0	4.63	9.92	0.466	0.01	0.06	0.152	1.76	2.48	0.711	1.48	3.11	4.59	1.17	0.46	0.49	3.0	1.82	11.03	1	2	120	206
413	541	246	19.6	2.08	4.1	0.507	0.0	0.02	0.077	1.32	2.05	0.644	1.63	3.68	5.31	0.45	0.54	1.27	2.49	0.83	5.47	1	3	116	211
414	54	9	16.0	1.85	4.61	0.402	0.52	1.31	0.394	0.52	0.72	0.718	0.67	1.56	2.22	0.48	0.59	0.37	2.3	0.81	4.74	5	2	100	206
415	155	23	13.9	1.95	4.74	0.413	0.03	0.19	0.138	1.31	1.74	0.755	1.15	2.3	3.45	0.82	0.5	0.42	2.41	0.95	5.25	3	3	115	213
416	60	6	13.5	2.17	6.4	0.339	0.5	1.47	0.341	1.38	1.7	0.814	0.27	0.95	1.22	0.77	0.45	0.2	1.72	0.98	6.22	3	1	95	191
417	45	4	10.0	1.13	3.49	0.325	0.02	0.24	0.091	0.6	1.07	0.562	0.6	1.56	2.16	0.87	0.49	0.24	1.4	0.93	2.89	2	2	103	198
418	16	0	6.9	0.81	1.81	0.448	0.0	0.0	0.0	0.19	0.5	0.375	0.5	0.62	1.12	0.19	0.12	0.06	1.31	0.56	1.81	7	3	111	213
419	141	36	14.0	2.11	5.15	0.409	0.51	1.77	0.288	0.45	0.74	0.606	0.4	1.01	1.42	0.88	0.62	0.5	1.45	0.79	5.17	6	1	88	193
420	914	902	41.1	9.26	21.78	0.425	1.16	3.7	0.313	6.97	8.94	0.78	0.82	2.9	3.71	6.15	2.17	0.18	1.94	3.57	26.66	1	1	75	183
421	973	786	29.5	3.87	8.3	0.466	0.02	0.09	0.205	1.76	2.62	0.67	2.68	7.09	9.78	1.89	0.99	2.39	2.76	1.4	9.52	1	3	109	211
422	825	699	34.8	6.54	13.87	0.472	0.19	0.62	0.297	4.83	5.96	0.81	2.25	5.25	7.51	2.53	0.98	0.78	2.8	2.57	18.09	1	2	102	206
423	1300	1150	35.6	6.59	14.58	0.452	2.29	5.71	0.4	3.38	3.78	0.894	0.95	3.11	4.06	3.35	1.12	0.19	2.2	2.08	18.85	1	1	93	196
424	893	707	35.3	6.81	16.47	0.414	1.55	4.77	0.325	2.34	3.7	0.633	2.12	5.6	7.72	3.55	1.22	0.53	2.82	2.8	17.52	1	2	120	206
425	507	455	33.4	5.48	12.5	0.439	1.37	3.63	0.378	1.8	2.31	0.78	1.01	2.9	3.91	2.55	1.6	0.43	1.76	1.22	14.13	9	1	81	196
426	445	143	17.1	2.1	4.55	0.462	0.0	0.02	0.111	1.13	1.79	0.63	1.41	3.29	4.69	0.57	0.3	0.71	2.01	0.91	5.34	1	2	113	206
427	225	23	11.1	1.4	3.34	0.421	0.0	0.02	0.0	0.89	1.34	0.668	1.07	1.93	3.0	0.2	0.15	0.27	1.56	0.64	3.7	6	3	116	211
428	1306	1158	36.4	8.79	19.55	0.449	1.33	4.03	0.331	6.31	7.54	0.836	1.13	4.16	5.29	4.76	1.46	0.48	2.52	3.01	25.21	1	1	96	198
429	804	665	33.5	6.0	13.33	0.45	2.19	5.46	0.401	2.78	3.11	0.895	0.93	3.77	4.7	1.75	0.93	0.13	1.74	1.36	16.97	1	2	104	208
430	1217	1053	31.3	5.19	10.59	0.49	1.38	3.24	0.428	2.51	2.78	0.904	0.53	2.46	2.99	8.49	0.74	0.08	1.63	2.86	14.29	1	1	81	191
431	545	104	21.5	3.44	8.43	0.408	0.87	2.52	0.343	1.35	1.76	0.769	0.64	1.84	2.48	1.88	0.82	0.14	1.58	1.05	9.1	1	1	86	185
432	381	45	16.1	3.02	6.55	0.462	0.04	0.13	0.294	1.53	2.06	0.74	0.86	1.92	2.78	0.74	0.35	0.57	1.85	1.23	7.61	7	2	102	203
433	593	108	17.5	1.84	4.7	0.392	0.77	2.22	0.346	0.7	1.01	0.698	0.69	1.93	2.62	1.13	0.64	0.29	2.04	0.88	5.15	1	2	104	208
434	15	0	6.1	1.27	3.8	0.333	0.4	1.53	0.261	0.0	0.0	0.0	0.2	0.4	0.6	0.33	0.13	0.2	0.8	0.73	2.93	4	2	100	203
435	137	50	16.9	2.1	4.35	0.483	0.01	0.01	0.5	0.55	1.03	0.532	1.31	2.21	3.53	0.42	0.19	1.53	1.96	0.74	4.76	5	2	107	208
436	1288	730	25.4	2.89	7.24	0.399	0.97	2.59	0.374	1.57	1.92	0.817	0.32	1.74	2.06	2.95	1.05	0.08	2.08	1.14	8.32	1	1	95	185
437	102	1	10.8	1.41	3.71	0.381	0.36	1.06	0.343	0.49	0.6	0.82	0.55	1.06	1.61	0.75	0.34	0.18	1.13	0.41	3.68	3	2	100	203
438	74	0	7.1	1.38	2.92	0.472	0.0	0.01	0.0	0.69	1.24	0.554	0.58	1.35	1.93	0.45	0.11	0.35	1.38	1.12	3.45	4	3	147	224
439	371	58	12.3	1.41	3.21	0.438	0.04	0.16	0.259	0.58	0.84	0.696	1.19	1.94	3.13	0.6	0.37	0.59	2.17	0.66	3.44	8	3	107	213
440	307	35	15.8	1.91	4.91	0.389	0.77	2.18	0.354	0.87	1.15	0.756	0.25	1.31	1.57	2.72	0.86	0.12	1.67	1.52	5.46	7	1	84	185
441	756	321	19.5	1.77	3.65	0.486	0.0	0.01	0.1	1.1	1.94	0.569	1.95	3.53	5.48	0.59	0.25	1.71	2.48	0.9	4.65	1	3	127	218
442	28	1	5.0	1.07	2.86	0.375	0.14	0.89	0.16	0.93	1.21	0.765	0.43	0.43	0.86	0.18	0.29	0.04	0.96	0.21	3.21	3	2	95	201
443	118	8	9.8	1.16	2.75	0.423	0.0	0.02	0.0	0.57	0.89	0.638	1.14	1.92	3.06	0.31	0.26	0.41	1.83	0.83	2.89	4	2	109	206
444	708	150	21.4	2.83	6.56	0.431	0.38	1.09	0.345	1.56	1.87	0.835	0.32	1.44	1.76	3.45	0.93	0.08	2.28	1.31	7.59	1	1	83	180
445	135	23	9.8	1.19	2.93	0.408	0.01	0.03	0.25	0.96	1.23	0.783	0.8	1.32	2.12	0.24	0.1	0.09	1.79	0.51	3.36	3	3	121	213
446	462	170	19.6	2.76	5.74	0.481	0.0	0.02	0.0	1.77	2.77	0.637	1.82	2.56	4.38	0.91	0.45	0.24	2.48	1.4	7.29	9	2	116	203
447	51	0	7.9	0.76	2.33	0.328	0.35	1.29	0.273	0.55	0.69	0.8	0.04	0.45	0.49	0.96	0.33	0.02	0.75	0.9	2.43	2	1	85	188
448	657	205	23.7	2.92	7.04	0.414	0.64	1.98	0.325	2.12	3.08	0.689	0.89	2.52	3.41	3.77	0.98	0.22	2.25	1.87	8.61	1	1	91	196
449	658	307	23.9	2.83	6.82	0.415	0.33	1.05	0.318	2.57	3.5	0.736	1.07	2.18	3.25	1.42	0.83	0.16	2.43	1.2	8.57	1	2	100	203
450	822	294	22.8	4.38	8.95	0.49	0.01	0.05	0.136	2.35	3.3	0.714	1.48	2.4	3.87	1.18	0.56	0.32	2.74	1.6	11.13	1	2	111	201
451	472	151	15.8	1.84	3.92	0.47	0.02	0.08	0.211	0.66	1.05	0.63	1.19	2.41	3.61	0.56	0.44	0.65	1.97	0.6	4.36	9	3	107	211
452	128	34	16.1	1.95	5.3	0.367	0.22	0.98	0.222	0.84	1.12	0.755	0.9	1.57	2.47	0.8	0.57	0.18	1.5	0.64	4.95	4	2	101	203
453	172	5	13.7	1.83	4.42	0.414	0.56	1.66	0.34	0.72	0.88	0.816	0.47	0.84	1.31	1.03	0.53	0.04	1.12	0.73	4.95	5	1	88	185
454	395	341	30.6	5.06	10.65	0.475	0.01	0.07	0.074	2.39	3.41	0.703	2.17	4.78	6.95	1.58	0.51	0.76	3.46	1.88	12.52	7	3	125	213
455	1450	1413	34.7	7.23	14.55	0.497	0.12	0.44	0.276	3.37	4.27	0.79	2.21	7.88	10.09	3.74	1.28	1.4	2.44	2.19	17.95	2	2	109	211
456	506	130	19.5	3.54	7.08	0.501	0.01	0.1	0.08	1.54	2.39	0.643	1.66	2.83	4.5	1.0	0.44	0.34	2.17	1.18	8.63	1	2	113	203
457	688	668	36.8	8.1	17.63	0.459	0.9	2.65	0.34	3.59	4.38	0.82	1.49	4.59	6.09	2.73	1.2	0.56	2.68	3.12	20.69	1	2	102	201
458	41	1	8.0	0.66	2.02	0.325	0.0	0.07	0.0	0.63	0.93	0.684	0.29	0.85	1.15	0.1	0.15	0.44	1.0	0.32	1.95	3	2	122	208
459	102	4	5.1	0.77	2.18	0.356	0.05	0.24	0.208	0.1	0.19	0.526	0.31	0.74	1.05	0.18	0.15	0.13	1.04	0.29	1.7	7	3	100	218
460	108	2	9.8	1.16	2.81	0.413	0.01	0.07	0.125	0.72	1.05	0.69	0.45	1.19	1.65	0.61	0.34	0.24	1.55	0.5	3.05	5	3	113	211
461	449	170	23.5	2.12	3.94	0.538	0.0	0.02	0.143	1.39	2.63	0.529	2.5	4.61	7.11	1.47	0.8	0.55	2.53	1.17	5.63	9	2	104	203
462	31	0	8.0	0.77	2.42	0.32	0.16	0.48	0.333	0.61	0.81	0.76	0.1	0.55	0.65	0.97	0.23	0.03	0.71	0.52	2.32	3	1	83	188
463	918	186	19.8	2.73	6.12	0.446	0.74	1.88	0.393	0.82	0.97	0.84	0.7	2.07	2.78	1.29	0.42	0.32	2.14	0.88	7.01	1	2	104	208
464	47	1	6.4	0.6	1.53	0.389	0.0	0.0	0.0	0.26	0.55	0.462	0.68	0.94	1.62	0.11	0.04	0.4	0.77	0.13	1.45	4	3	104	213
465	80	14	15.6	2.08	5.5	0.377	0.91	2.41	0.378	0.46	0.56	0.822	0.28	0.72	1.0	1.84	0.25	0.15	0.72	0.78	5.53	4	1	82	185
466	50	14	18.7	2.3	6.22	0.37	0.56	1.68	0.333	1.12	1.44	0.778	0.42	1.2	1.62	2.9	0.96	0.04	1.98	1.08	6.28	3	1	91	178
467	717	31	17.3	2.9	7.08	0.409	1.14	2.92	0.39	0.53	0.63	0.851	0.23	1.48	1.71	1.55	0.66	0.08	1.29	0.79	7.47	1	1	86	185
468	619	85	18.1	1.95	4.05	0.481	0.18	0.57	0.311	0.86	1.29	0.671	1.45	2.28	3.73	0.79	0.72	0.37	2.23	0.65	4.93	1	2	107	203
469	92	5	6.4	0.54	1.1	0.495	0.0	0.0	0.0	0.29	0.45	0.659	0.66	1.47	2.13	0.12	0.17	0.16	1.15	0.33	1.38	3	3	109	211
470	16	0	11.6	0.94	2.81	0.333	0.12	0.56	0.222	0.31	0.38	0.833	0.06	0.62	0.69	1.25	0.44	0.0	1.38	1.0	2.31	3	1	81	193
471	22	0	9.7	0.77	2.32	0.333	0.0	0.23	0.0	0.14	0.27	0.5	0.23	0.36	0.59	2.09	0.73	0.05	0.91	0.73	1.68	4	1	86	188
472	44	1	6.3	0.32	0.86	0.368	0.0	0.0	0.0	0.34	0.61	0.556	0.5	0.8	1.3	0.14	0.09	0.39	0.91	0.32	0.98	4	3	118	213
473	542	215	15.8	1.26	2.77	0.455	0.0	0.01	0.0	1.35	1.93	0.699	1.19	1.72	2.91	0.77	0.25	0.18	2.43	0.62	3.87	1	3	112	211
474	75	10	14.2	1.71	5.09	0.335	0.16	0.73	0.218	0.71	0.95	0.746	0.44	0.83	1.27	2.35	0.68	0.04	1.05	1.28	4.28	3	1	84	188
475	569	191	18.7	2.51	5.75	0.438	0.24	0.71	0.338	1.36	1.68	0.806	0.37	1.33	1.7	3.09	0.51	0.05	1.54	1.2	6.63	9	1	92	188
476	15	0	6.9	1.0	3.0	0.333	0.0	0.6	0.0	0.8	0.87	0.923	0.2	0.4	0.6	0.6	0.33	0.07	0.4	0.47	2.8	1	1	82	185
477	18	0	6.7	0.83	2.11	0.395	0.0	0.06	0.0	0.17	0.39	0.429	0.5	0.56	1.06	0.39	0.06	0.06	0.67	0.56	1.83	4	2	104	208
478	286	156	22.6	2.53	5.48	0.461	0.62	1.88	0.329	0.64	0.8	0.803	0.7	3.59	4.29	1.02	0.8	0.83	1.48	0.51	6.32	5	2	93	203
479	809	372	19.2	1.37	2.94	0.465	0.0	0.01	0.091	1.33	2.52	0.528	2.45	4.67	7.13	0.57	0.7	0.14	2.34	1.11	4.07	1	2	111	203
480	498	18	15.0	2.47	6.31	0.391	0.8	2.26	0.356	0.64	0.74	0.864	0.22	1.18	1.41	1.98	0.5	0.06	1.3	1.12	6.38	1	1	84	185
481	200	88	18.6	1.81	5.09	0.357	0.29	1.04	0.282	1.6	2.0	0.8	0.2	1.14	1.34	2.68	0.72	0.14	1.79	1.25	5.53	4	1	86	188
482	274	183	25.8	3.31	7.77	0.426	1.05	3.06	0.345	1.33	1.88	0.708	0.43	1.97	2.41	2.89	1.23	0.16	2.21	1.81	9.01	6	1	86	193
483	38	0	4.9	0.24	0.87	0.273	0.0	0.03	0.0	0.05	0.05	1.0	0.18	0.37	0.55	1.29	0.42	0.03	0.63	0.21	0.53	4	1	92	193
484	143	32	10.6	1.15	2.73	0.423	0.0	0.01	0.0	1.26	1.75	0.72	1.02	1.66	2.68	0.22	0.27	0.19	1.78	0.66	3.57	6	3	122	206
485	306	96	19.0	3.66	7.73	0.474	0.0	0.03	0.111	1.24	1.58	0.786	1.24	1.82	3.06	0.97	0.43	0.17	1.95	1.05	8.57	6	2	108	206
486	706	479	28.1	3.66	8.43	0.434	1.35	3.34	0.406	1.25	1.56	0.799	0.58	2.21	2.79	1.71	0.69	0.18	2.61	0.99	9.91	1	1	93	196
487	623	181	19.6	1.97	4.88	0.404	0.19	0.74	0.25	0.7	0.98	0.706	0.39	1.7	2.09	3.79	0.96	0.18	1.77	1.54	4.83	1	1	86	185
488	73	12	9.6	1.26	3.1	0.407	0.04	0.21	0.2	0.74	1.07	0.692	0.68	1.04	1.73	0.59	0.3	0.08	1.08	0.48	3.3	4	1	97	198
489	103	27	11.9	1.02	2.5	0.409	0.04	0.19	0.2	0.84	1.07	0.791	0.91	1.3	2.21	0.52	0.46	0.06	1.42	0.49	2.92	5	2	100	203
490	127	6	10.2	1.27	2.92	0.434	0.06	0.23	0.276	0.56	0.87	0.64	0.81	0.94	1.76	0.49	0.3	0.24	1.28	0.46	3.16	6	2	102	206
491	5	0	3.8	0.2	1.0	0.2	0.0	0.4	0.0	0.0	0.0	0.0	0.2	0.2	0.4	0.0	0.2	0.0	0.2	0.6	0.4	3	1	92	191
492	35	0	6.6	0.69	2.14	0.32	0.09	0.54	0.158	0.37	0.49	0.765	0.23	0.46	0.69	1.26	0.29	0.0	0.71	0.6	1.83	2	1	82	180
493	14	0	7.7	1.0	2.43	0.412	0.07	0.21	0.333	0.07	0.14	0.5	0.21	0.86	1.07	0.29	0.36	0.0	1.07	0.29	2.14	6	2	102	201
494	153	56	10.7	0.76	1.89	0.401	0.07	0.37	0.179	0.28	0.49	0.573	0.61	1.1	1.71	0.41	0.22	0.29	1.58	0.3	1.86	8	3	107	208
495	662	100	15.5	1.28	3.11	0.41	0.01	0.04	0.31	1.2	1.52	0.792	0.22	1.32	1.54	2.27	0.51	0.04	1.22	0.74	3.77	1	1	88	193
496	576	334	27.6	3.8	8.82	0.431	0.53	1.61	0.328	1.24	1.56	0.796	0.42	1.61	2.03	4.36	0.64	0.05	2.07	1.37	9.37	1	1	86	193
497	456	109	16.7	2.51	5.21	0.481	0.01	0.08	0.111	1.3	1.96	0.665	1.1	1.74	2.84	1.19	0.55	0.3	1.97	1.21	6.32	1	2	102	203
498	281	26	12.2	1.92	3.93	0.488	0.01	0.03	0.222	0.72	1.07	0.668	0.95	1.79	2.74	0.36	0.28	0.39	1.14	0.58	4.56	1	2	95	206
499	501	123	20.3	2.66	6.79	0.392	0.81	2.3	0.351	1.42	1.72	0.826	0.45	2.18	2.63	2.4	0.84	0.08	1.91	1.33	7.54	9	1	95	191
500	259	44	13.6	1.94	4.0	0.484	0.0	0.01	0.0	1.72	2.74	0.629	1.3	1.67	2.97	0.56	0.35	0.22	1.94	0.94	5.6	9	2	98	201
501	708	409	26.6	4.21	9.91	0.425	1.38	3.64	0.379	2.05	2.76	0.743	1.08	2.87	3.95	2.31	0.93	0.57	2.89	1.87	11.84	1	2	99	203
502	1094	740	30.7	4.95	10.9	0.454	0.18	0.63	0.282	3.14	4.35	0.721	1.07	2.66	3.73	7.3	1.48	0.2	1.87	2.62	13.22	1	1	79	191
503	9	0	1.6	0.11	0.89	0.125	0.0	0.0	0.0	0.0	0.0	0.0	0.33	0.0	0.33	0.0	0.0	0.0	0.22	0.22	0.22	2	3	118	211
504	942	361	23.0	2.75	6.81	0.403	0.46	1.5	0.304	1.0	1.27	0.782	0.82	2.56	3.38	4.16	0.79	0.27	2.07	1.77	6.95	1	1	86	198
505	630	286	22.3	2.22	5.44	0.408	1.01	2.78	0.365	0.81	1.05	0.771	0.38	2.23	2.62	4.03	1.23	0.2	2.03	1.65	6.27	1	1	86	188
506	470	314	24.2	4.43	8.85	0.5	0.29	0.88	0.328	2.83	3.6	0.786	1.56	5.75	7.31	2.05	0.79	1.05	2.74	1.78	11.98	7	3	127	221
507	122	30	11.6	1.25	2.67	0.469	0.0	0.0	0.0	0.91	1.33	0.685	0.62	1.51	2.13	0.31	0.32	0.39	1.89	0.7	3.42	4	3	116	213
508	841	393	23.5	2.7	6.27	0.431	0.81	2.21	0.369	1.7	2.27	0.75	0.89	2.57	3.46	1.29	1.04	0.24	2.36	0.99	7.92	1	1	102	201
509	866	346	25.3	4.17	9.23	0.451	0.8	2.29	0.347	1.8	2.61	0.69	1.47	3.01	4.48	1.99	1.0	0.52	3.09	1.88	10.93	1	2	107	201
510	186	41	9.9	1.17	2.57	0.456	0.0	0.02	0.0	0.74	1.05	0.704	0.97	1.61	2.58	0.32	0.29	0.71	1.63	0.68	3.09	7	3	111	213
511	749	230	18.1	2.28	4.97	0.459	0.0	0.03	0.091	1.67	2.4	0.699	1.26	2.58	3.84	0.84	0.34	0.67	2.21	1.07	6.24	1	3	113	208
512	1058	658	23.5	3.36	6.65	0.505	0.0	0.02	0.192	1.08	2.02	0.536	2.58	4.14	6.72	0.7	0.49	0.62	2.68	1.11	7.81	1	3	100	211
513	215	22	15.3	2.27	4.31	0.527	0.0	0.0	0.0	1.4	1.76	0.792	0.91	2.29	3.2	0.41	0.27	0.74	2.38	0.94	5.93	6	3	120	213
514	1178	1053	34.9	6.3	13.33	0.473	0.83	2.55	0.326	2.65	3.77	0.704	1.76	4.61	6.36	5.21	1.96	0.8	2.83	2.76	16.08	1	2	103	203
515	733	454	28.3	4.27	9.34	0.457	1.57	3.76	0.418	1.07	1.38	0.778	0.58	2.7	3.28	1.68	0.79	0.31	1.32	0.93	11.18	1	1	88	198
516	827	298	24.7	3.75	8.77	0.427	1.14	2.96	0.384	1.06	1.32	0.799	0.68	1.9	2.58	2.36	0.94	0.17	2.02	1.23	9.69	1	1	94	193
517	600	475	29.4	4.79	9.95	0.481	0.14	0.47	0.291	2.0	3.17	0.629	2.42	4.28	6.69	2.84	0.95	0.54	2.94	2.18	11.71	1	2	100	203
518	514	177	17.8	2.31	6.05	0.382	0.68	2.0	0.34	1.56	1.85	0.843	0.2	0.95	1.14	2.87	0.66	0.04	1.74	1.23	6.86	1	1	77	180
519	1282	1160	31.4	3.77	8.01	0.471	0.05	0.21	0.253	2.09	2.75	0.761	3.06	6.46	9.52	2.51	1.05	0.3	3.45	2.17	9.69	1	2	102	203
520	683	233	18.0	2.4	5.1	0.47	0.0	0.02	0.091	1.41	2.0	0.705	1.54	2.8	4.34	0.39	0.38	0.47	2.35	1.0	6.2	1	2	100	206
521	499	62	14.6	1.76	4.28	0.412	0.22	0.68	0.319	0.77	0.95	0.816	0.28	1.03	1.31	2.08	0.4	0.04	1.17	0.95	4.52	1	1	86	191
522	1335	1232	35.3	6.52	14.01	0.466	0.85	2.67	0.317	2.45	3.36	0.729	1.04	2.9	3.95	6.72	1.83	0.21	2.41	2.27	16.34	1	1	82	193
523	470	88	17.9	1.84	4.38	0.419	0.09	0.36	0.235	1.01	1.41	0.719	0.34	1.43	1.77	2.54	0.64	0.12	1.46	1.27	4.77	7	1	88	191
524	1389	1303	34.3	5.93	12.6	0.471	1.84	4.67	0.395	4.49	5.06	0.888	0.64	2.38	3.01	2.98	1.08	0.22	1.97	1.74	18.2	1	1	84	201
525	838	686	31.0	6.11	11.58	0.527	0.03	0.11	0.247	4.84	7.0	0.692	2.61	5.91	8.52	1.13	0.49	2.81	3.35	2.64	17.08	1	3	109	208
526	493	196	23.0	3.12	5.81	0.536	0.01	0.09	0.116	1.11	1.74	0.639	1.91	3.96	5.87	2.15	0.92	1.54	2.96	1.87	7.35	1	3	127	206
527	181	15	9.0	1.09	2.13	0.51	0.01	0.04	0.25	0.63	1.09	0.576	1.02	1.67	2.7	0.36	0.32	0.14	1.35	0.5	2.82	1	2	102	206
528	114	4	8.5	0.71	1.89	0.377	0.0	0.03	0.0	0.37	0.61	0.609	0.66	1.21	1.87	0.32	0.21	0.31	1.16	0.46	1.79	8	3	107	211
529	595	286	24.1	3.59	8.63	0.417	1.15	3.05	0.379	1.51	1.88	0.802	0.36	1.87	2.23	3.49	0.77	0.06	2.02	1.5	9.85	1	1	85	188
530	119	0	7.7	0.73	2.29	0.32	0.35	1.05	0.336	0.65	0.95	0.681	0.33	0.69	1.02	0.3	0.31	0.04	0.9	0.38	2.46	6	2	104	201
531	1476	1469	37.2	9.17	17.76	0.516	0.06	0.21	0.274	6.63	8.93	0.742	2.41	7.73	10.14	3.55	1.41	0.77	3.1	3.07	25.02	1	2	120	206
532	295	206	25.3	2.65	6.51	0.408	1.35	3.64	0.372	0.72	0.9	0.797	0.21	1.48	1.69	2.89	0.81	0.05	1.27	1.29	7.38	7	2	87	191
533	774	420	22.8	2.7	6.04	0.446	0.19	0.62	0.306	1.02	1.57	0.652	1.95	3.09	5.04	1.45	1.06	0.33	2.16	1.15	6.6	1	2	99	203
534	535	304	23.5	2.94	6.59	0.447	0.05	0.17	0.281	1.03	1.38	0.751	3.04	4.4	7.44	1.3	0.56	0.3	2.8	1.13	6.96	1	2	113	203
535	793	249	19.6	2.16	5.21	0.414	0.42	1.18	0.356	0.86	1.16	0.745	0.37	1.34	1.71	2.87	0.69	0.12	1.63	1.09	5.59	1	1	88	191
536	1207	1197	34.7	9.39	16.12	0.582	0.0	0.02	0.045	4.92	9.32	0.527	3.49	7.37	10.85	2.51	0.61	2.26	3.43	2.74	23.69	1	3	147	216
537	366	365	35.4	7.67	17.13	0.448	0.87	2.92	0.299	3.7	4.56	0.811	0.88	2.81	3.7	6.39	0.82	0.4	1.44	2.95	19.92	7	1	86	191
538	433	201	24.7	5.27	11.72	0.45	0.54	1.57	0.343	1.92	2.54	0.759	1.12	3.72	4.84	1.32	0.61	0.52	2.25	1.77	13.0	7	2	107	206
539	526	313	31.2	5.26	12.23	0.43	1.57	4.22	0.373	2.08	2.54	0.821	0.53	2.63	3.16	2.96	1.02	0.26	2.24	2.08	14.18	7	1	95	196
540	537	520	34.0	7.5	17.29	0.434	0.83	2.73	0.303	5.56	6.79	0.819	1.64	3.7	5.34	7.26	1.74	0.29	2.42	3.68	21.38	7	1	91	191
541	371	301	30.4	4.39	10.6	0.414	1.8	4.9	0.367	3.82	4.46	0.856	0.79	3.8	4.6	1.9	0.83	0.49	1.99	1.29	14.39	7	2	102	208
542	402	383	34.0	5.69	13.07	0.436	1.84	4.82	0.382	3.52	4.33	0.813	0.48	2.05	2.53	3.32	1.07	0.28	2.0	2.25	16.75	7	1	98	193
543	67	0	11.1	1.54	3.75	0.41	0.24	0.7	0.34	0.9	1.28	0.698	0.69	1.1	1.79	0.66	0.24	0.45	1.73	0.78	4.21	3	2	104	203
544	541	170	24.3	3.18	7.9	0.402	1.21	3.26	0.372	2.17	2.49	0.871	0.28	1.54	1.81	3.96	0.6	0.04	1.52	1.52	9.74	7	1	83	183
545	477	70	20.8	2.95	7.13	0.414	0.74	2.09	0.355	1.82	2.21	0.826	0.27	1.81	2.09	2.93	0.64	0.12	2.07	1.47	8.47	7	1	91	191
546	555	405	26.0	3.73	7.51	0.497	0.0	0.05	0.037	1.7	2.59	0.655	2.23	4.57	6.8	1.1	0.49	0.72	3.04	1.33	9.16	7	2	113	211
547	383	118	23.0	2.81	6.52	0.431	1.14	2.82	0.405	0.69	0.97	0.707	0.42	2.7	3.11	0.99	0.48	0.58	1.39	0.92	7.45	7	1	95	198
548	252	43	15.2	2.69	5.93	0.453	0.08	0.33	0.241	1.65	2.23	0.74	1.33	2.95	4.28	0.74	0.6	0.89	1.81	1.18	7.1	6	2	102	211
549	444	409	32.5	7.04	13.82	0.51	0.0	0.05	0.048	3.88	4.89	0.792	2.82	4.56	7.38	1.34	0.57	1.77	2.84	1.95	17.97	7	3	125	213
550	523	73	15.4	3.14	6.73	0.467	0.04	0.16	0.233	1.48	1.88	0.786	1.5	2.71	4.2	0.59	0.27	0.51	2.2	0.89	7.8	7	3	116	208
551	563	522	26.0	4.32	9.32	0.464	0.01	0.04	0.25	2.23	2.96	0.753	2.48	4.28	6.76	1.45	0.38	1.85	3.22	1.72	10.88	7	3	122	218
552	393	158	19.6	3.48	6.44	0.541	0.0	0.01	0.2	1.35	2.31	0.584	2.02	3.45	5.47	0.35	0.4	1.76	2.34	1.09	8.32	7	3	122	213
553	516	306	22.8	3.92	7.76	0.505	0.0	0.04	0.0	1.87	3.0	0.622	2.24	4.72	6.96	0.86	0.52	0.59	1.97	1.48	9.71	7	2	110	206
554	216	50	12.6	2.12	4.12	0.514	0.06	0.17	0.324	0.82	1.03	0.802	1.16	2.49	3.64	0.5	0.31	0.62	2.31	0.82	5.11	5	3	112	218
555	446	156	25.7	4.43	10.44	0.424	2.03	5.35	0.379	1.88	2.19	0.86	2.13	3.42	5.55	0.88	0.56	0.38	2.04	1.02	12.78	7	2	109	208
556	553	313	27.1	3.68	8.21	0.448	1.02	2.67	0.381	1.25	1.47	0.85	0.45	2.15	2.6	1.55	1.01	0.26	1.7	0.99	9.63	7	1	91	196
557	453	147	15.7	2.44	4.62	0.528	0.0	0.01	0.0	0.67	1.09	0.613	1.74	3.04	4.78	0.36	0.38	0.81	2.0	0.69	5.55	7	3	120	213
558	476	365	28.5	4.87	9.19	0.529	0.29	0.79	0.373	1.47	1.97	0.743	2.49	4.97	7.47	0.56	0.42	2.56	2.86	1.27	11.49	6	3	111	208
559	502	278	28.3	3.95	8.79	0.45	1.14	3.06	0.372	2.17	2.71	0.803	0.53	2.58	3.11	3.24	0.91	0.31	2.15	1.28	11.21	7	1	85	191
560	509	456	31.0	4.09	9.21	0.444	1.6	4.4	0.363	1.71	2.05	0.835	1.2	3.94	5.14	3.11	0.93	0.73	1.9	1.7	11.49	7	2	91	203
561	138	11	15.3	2.52	4.98	0.507	0.01	0.02	0.333	0.82	1.14	0.72	0.85	2.32	3.17	0.58	0.28	0.41	1.44	0.47	5.87	6	2	113	206
562	253	82	16.8	2.31	5.7	0.406	0.65	2.14	0.304	0.81	1.16	0.701	0.55	1.82	2.37	0.72	0.44	0.46	1.47	0.88	6.09	5	2	103	211
563	400	87	17.9	2.82	6.36	0.444	0.17	0.56	0.293	0.76	1.0	0.758	1.16	2.45	3.61	0.71	0.63	0.64	2.55	0.81	6.57	7	2	107	206
564	494	316	23.6	2.53	5.71	0.442	0.19	0.63	0.306	1.32	1.99	0.666	1.74	2.95	4.69	0.95	0.85	0.38	1.91	1.02	6.57	7	2	104	203
565	513	93	20.6	2.7	6.38	0.424	0.84	2.19	0.382	1.47	1.83	0.805	0.38	1.6	1.98	2.55	0.98	0.12	1.5	1.14	7.72	8	1	79	188
566	24	1	7.7	0.83	2.42	0.345	0.25	1.0	0.25	0.5	0.67	0.75	0.29	1.04	1.33	1.0	0.29	0.12	0.75	0.62	2.42	2	2	98	196
567	458	110	15.0	0.84	1.64	0.509	0.0	0.0	0.0	0.57	0.86	0.663	1.2	1.66	2.86	0.21	0.27	1.12	1.74	0.48	2.24	8	3	111	206
568	241	26	13.7	1.58	3.97	0.399	0.67	1.77	0.377	0.7	0.87	0.809	0.12	0.98	1.1	1.89	0.42	0.03	1.03	0.57	4.53	6	1	79	188
569	74	60	26.8	3.11	7.49	0.415	0.97	2.82	0.344	0.77	1.05	0.731	0.68	3.99	4.66	1.73	1.09	0.2	1.24	0.88	7.96	2	2	111	206
570	707	505	28.8	3.84	8.1	0.475	1.12	2.73	0.41	1.22	1.39	0.875	0.36	2.18	2.53	6.58	0.89	0.08	1.71	1.65	10.03	1	1	91	191
571	151	0	7.0	0.86	1.86	0.463	0.0	0.03	0.0	0.52	0.83	0.632	0.91	1.56	2.46	0.28	0.07	0.61	1.38	0.61	2.25	5	3	120	218
572	37	2	8.2	0.84	2.3	0.365	0.27	0.68	0.4	0.49	0.57	0.857	0.27	0.68	0.95	0.78	0.3	0.0	1.22	0.62	2.43	1	1	84	183
573	7	0	2.7	0.0	0.71	0.0	0.0	0.29	0.0	0.43	0.57	0.75	0.14	0.14	0.29	0.29	0.0	0.14	0.14	0.14	0.43	1	2	108	203
574	222	61	19.7	2.59	5.9	0.439	0.38	1.15	0.329	1.53	1.84	0.831	0.37	1.75	2.13	1.14	0.58	0.25	1.29	0.9	7.08	6	2	95	201
575	51	5	15.1	2.16	5.24	0.412	0.25	0.78	0.325	1.1	1.59	0.691	0.43	1.27	1.71	2.08	0.71	0.0	1.65	1.43	5.67	1	1	75	188
576	546	434	26.5	3.38	5.07	0.666	0.0	0.01	0.125	1.46	3.53	0.415	3.03	6.22	9.25	0.51	0.6	1.78	2.73	1.21	8.21	7	3	120	211
577	548	383	27.4	3.03	7.18	0.422	1.22	3.41	0.358	1.61	2.06	0.781	0.33	2.1	2.43	3.77	1.5	0.15	2.7	1.87	8.89	7	1	86	188
578	259	191	25.4	5.0	9.6	0.521	0.0	0.0	0.0	2.94	3.87	0.759	3.07	3.82	6.9	0.73	0.54	0.58	2.36	1.57	12.94	5	2	139	211
579	8	0	2.4	0.5	1.38	0.364	0.0	0.25	0.0	0.0	0.25	0.0	0.0	0.38	0.38	0.0	0.0	0.25	0.38	0.0	1.0	1	2	111	206
580	130	26	11.5	1.09	2.05	0.534	0.0	0.01	0.0	0.46	1.23	0.375	1.52	2.42	3.95	0.42	0.52	0.34	1.97	0.66	2.65	4	2	125	206
581	377	198	20.5	2.18	4.11	0.529	0.0	0.0	0.0	1.39	2.49	0.558	2.34	5.18	7.53	0.65	0.39	0.82	2.07	1.27	5.74	5	3	116	213
582	73	19	18.9	1.84	4.16	0.441	0.58	1.63	0.353	0.73	0.99	0.736	0.47	1.7	2.16	1.63	0.75	0.45	1.33	1.1	4.97	3	1	91	198
583	153	47	19.3	3.12	6.64	0.47	0.14	0.56	0.256	0.82	1.14	0.714	0.54	1.85	2.39	1.46	0.51	0.18	1.52	1.11	7.21	3	2	93	198
584	45	2	9.6	1.11	2.56	0.435	0.0	0.02	0.0	0.58	0.84	0.684	1.11	1.24	2.36	0.53	0.22	0.2	1.36	0.64	2.8	2	3	127	208
585	530	294	26.3	4.46	9.53	0.468	1.02	2.85	0.357	2.24	2.99	0.75	0.74	1.97	2.71	4.56	1.03	0.19	2.25	2.15	12.17	7	1	86	191
586	62	0	7.6	1.03	2.02	0.512	0.03	0.19	0.167	0.31	0.6	0.514	0.39	0.85	1.24	0.47	0.16	0.26	0.77	0.37	2.4	2	2	100	198
587	138	5	7.5	0.89	1.99	0.449	0.03	0.12	0.235	0.42	0.65	0.644	0.65	0.82	1.47	0.19	0.17	0.08	1.15	0.36	2.23	3	2	109	203
588	2	0	11.4	1.5	5.0	0.3	0.5	2.0	0.25	1.0	1.0	1.0	0.5	1.5	2.0	0.5	0.5	0.0	1.0	0.0	4.5	1	1	94	196
589	69	17	13.4	1.46	2.68	0.546	0.0	0.0	0.0	0.87	1.46	0.594	0.83	1.93	2.75	0.42	0.36	0.42	2.38	0.72	3.8	2	3	109	213
590	685	150	22.1	3.08	6.72	0.458	1.06	2.41	0.441	0.93	1.11	0.837	0.31	1.22	1.53	1.71	0.43	0.06	1.48	0.94	8.15	1	2	83	196
591	22	0	8.1	0.86	1.82	0.475	0.0	0.0	0.0	0.36	0.55	0.667	1.14	1.18	2.32	0.32	0.18	0.09	1.5	0.68	2.09	5	2	111	203
592	821	37	16.9	1.94	4.47	0.434	0.8	2.04	0.392	1.06	1.25	0.848	0.39	1.45	1.84	2.17	0.88	0.14	1.24	0.98	5.74	1	1	88	193
593	695	325	24.9	3.57	8.66	0.412	1.34	3.69	0.364	1.4	1.81	0.772	0.28	1.43	1.71	3.45	0.67	0.05	1.85	1.46	9.87	1	1	84	180
594	286	155	20.1	3.85	7.43	0.518	0.06	0.22	0.286	1.13	1.78	0.634	1.56	3.28	4.84	0.9	0.47	0.62	2.49	1.32	8.89	6	2	120	206
595	266	72	18.6	2.18	5.36	0.407	0.77	2.0	0.386	1.13	1.43	0.792	0.27	1.08	1.35	2.77	0.63	0.03	1.46	0.99	6.27	9	1	83	185
596	403	149	13.3	1.45	2.73	0.53	0.0	0.0	0.0	0.71	1.09	0.658	1.08	1.82	2.9	0.35	0.45	0.7	2.82	0.63	3.61	8	2	113	203
597	1	0	6.0	2.0	3.0	0.667	0.0	0.0	0.0	1.0	1.0	1.0	0.0	1.0	1.0	0.0	0.0	0.0	3.0	1.0	5.0	2	3	118	208
598	22	0	18.7	2.09	5.0	0.418	0.0	0.27	0.0	1.36	2.27	0.6	0.68	1.0	1.68	3.0	1.05	0.14	2.0	1.68	5.55	2	1	91	196
599	360	29	18.4	3.1	7.03	0.442	0.23	0.86	0.272	1.68	2.1	0.799	0.35	1.21	1.56	3.29	0.71	0.08	1.86	1.61	8.11	8	1	84	183
600	850	263	22.9	3.86	8.4	0.46	1.28	3.12	0.411	1.47	1.71	0.858	0.27	1.62	1.89	3.34	0.87	0.05	1.26	1.43	10.47	1	1	75	180
601	882	398	27.4	5.7	11.15	0.511	0.05	0.23	0.206	2.58	3.54	0.729	1.73	3.51	5.23	2.34	1.13	0.85	3.28	2.1	14.02	1	2	104	208
602	45	10	10.9	1.36	3.47	0.391	0.11	0.33	0.333	0.64	0.87	0.744	0.87	1.67	2.53	0.6	0.24	0.11	2.62	0.89	3.47	4	3	130	211
603	1026	972	33.9	6.18	12.79	0.483	0.21	0.68	0.314	4.12	5.36	0.769	1.15	4.87	6.01	4.14	1.22	0.56	2.32	2.4	16.7	1	2	102	203
604	568	327	30.4	4.21	9.76	0.432	0.77	2.2	0.351	2.0	2.45	0.817	1.36	3.58	4.94	1.87	0.74	0.43	2.7	1.28	11.19	1	2	98	196
605	720	29	11.7	1.33	3.08	0.433	0.37	1.0	0.366	0.28	0.44	0.633	0.6	1.16	1.76	0.78	0.44	0.2	1.02	0.41	3.31	1	2	100	198
606	366	83	12.2	1.29	2.86	0.451	0.01	0.02	0.222	0.67	0.89	0.748	0.86	1.9	2.76	0.41	0.28	0.98	1.85	0.49	3.25	1	3	104	211
607	39	3	9.0	1.1	3.28	0.336	0.1	0.36	0.286	0.46	0.69	0.667	0.46	0.9	1.36	0.49	0.13	0.18	1.13	0.79	2.77	4	2	91	206
608	868	692	29.7	4.65	9.68	0.48	0.11	0.41	0.261	3.41	4.15	0.82	1.87	4.82	6.69	2.56	1.06	0.78	3.19	2.23	12.81	1	2	111	211
609	255	117	26.1	3.6	8.91	0.404	0.75	2.37	0.316	1.58	2.05	0.772	1.16	2.53	3.69	1.45	1.04	0.36	2.62	1.05	9.53	4	2	102	198
610	766	196	22.8	3.22	8.02	0.402	1.2	3.36	0.358	1.39	1.72	0.81	0.86	2.2	3.06	2.31	0.77	0.25	2.15	1.4	9.04	1	2	93	198
611	98	2	8.5	1.11	2.82	0.395	0.07	0.35	0.206	0.42	0.65	0.641	0.31	0.78	1.08	0.92	0.48	0.07	0.83	0.6	2.71	2	1	82	198
612	253	166	21.9	1.34	2.85	0.469	0.0	0.01	0.0	0.32	0.85	0.377	2.74	3.6	6.34	0.98	0.53	1.38	2.89	0.93	2.99	9	2	91	206
613	113	2	12.8	2.03	5.28	0.384	0.63	2.02	0.311	0.42	0.51	0.81	0.2	0.59	0.8	1.81	0.32	0.04	1.21	0.96	5.1	2	1	79	188
614	115	14	13.9	1.9	5.01	0.378	0.64	2.16	0.298	0.64	0.93	0.692	0.21	0.94	1.15	1.96	0.54	0.1	1.28	1.01	5.08	2	1	82	185
615	65	1	9.1	1.57	3.92	0.4	0.8	2.25	0.356	0.14	0.15	0.9	0.12	0.63	0.75	0.54	0.35	0.02	0.78	0.37	4.08	3	1	90	191
616	507	86	12.8	1.07	2.35	0.456	0.03	0.13	0.206	0.43	0.62	0.693	1.0	1.09	2.09	0.49	0.64	0.27	1.48	0.33	2.6	1	2	99	206
617	412	42	13.1	1.56	3.26	0.478	0.0	0.01	0.0	0.63	1.44	0.441	1.54	2.16	3.7	0.44	0.37	0.73	1.97	0.7	3.75	9	2	102	206
618	23	0	5.4	0.65	1.39	0.469	0.0	0.0	0.0	0.13	0.39	0.333	0.65	0.91	1.57	0.04	0.09	0.26	0.7	0.22	1.43	2	2	102	203
619	187	56	14.0	1.25	3.49	0.357	0.65	2.17	0.301	0.36	0.55	0.65	0.41	0.97	1.38	0.65	0.28	0.09	1.48	0.39	3.5	4	2	102	201
620	13	5	13.1	1.85	4.15	0.444	0.0	0.23	0.0	0.38	1.08	0.357	0.46	1.38	1.85	1.0	0.69	0.15	1.85	1.15	4.08	1	1	91	193
621	14	0	12.1	0.86	2.07	0.414	0.0	0.0	0.0	0.79	1.64	0.478	0.93	1.86	2.79	0.21	0.5	0.43	1.57	1.07	2.5	2	3	117	211
622	11	0	7.8	0.82	2.64	0.31	0.45	1.82	0.25	0.27	0.27	1.0	0.0	0.64	0.64	1.0	0.09	0.0	0.73	0.45	2.36	3	1	100	196
623	243	19	13.4	1.49	3.22	0.462	0.14	0.49	0.292	0.8	0.96	0.833	1.32	2.42	3.74	0.45	0.4	0.48	1.6	0.58	3.93	5	2	104	203
624	146	7	8.2	0.88	1.97	0.449	0.01	0.04	0.167	0.55	1.02	0.544	1.03	1.45	2.49	0.25	0.3	0.26	1.32	0.4	2.33	8	2	107	208
625	140	31	14.2	1.82	4.91	0.371	0.02	0.13	0.167	0.91	1.29	0.702	1.34	2.17	3.51	0.45	0.33	0.21	1.93	0.76	4.57	9	3	113	213
626	517	169	21.8	3.32	8.27	0.401	0.87	2.58	0.339	1.46	1.71	0.858	0.37	1.32	1.7	3.38	0.53	0.06	1.33	1.58	8.97	1	1	77	185
627	868	600	28.3	3.97	8.26	0.48	0.23	0.7	0.33	3.03	3.77	0.804	1.97	5.17	7.14	2.85	0.74	0.68	2.74	1.57	11.2	1	3	118	213
628	498	55	12.8	1.32	3.52	0.374	0.4	1.34	0.301	0.55	0.74	0.743	0.31	0.85	1.16	1.69	0.74	0.09	1.63	0.85	3.59	1	1	86	188
629	11	4	27.7	3.18	8.64	0.368	0.73	3.0	0.242	0.55	0.82	0.667	0.73	3.27	4.0	1.64	0.82	0.18	1.64	0.45	7.64	2	2	98	201
630	25	0	6.8	0.84	2.48	0.339	0.04	0.44	0.091	0.36	0.68	0.529	0.28	0.6	0.88	1.16	0.2	0.12	0.68	0.8	2.08	4	1	86	191
631	867	791	26.6	6.11	12.07	0.507	0.0	0.03	0.115	2.61	3.38	0.773	1.77	4.32	6.09	1.4	0.43	1.28	3.47	1.82	14.85	1	3	113	224
632	1	0	2.4	1.0	1.0	1.0	0.0	0.0	0.0	0.0	0.0	0.0	2.0	1.0	3.0	0.0	0.0	0.0	0.0	0.0	2.0	1	3	112	213
633	19	0	11.9	1.11	4.05	0.273	0.74	2.47	0.298	1.68	1.74	0.97	0.05	1.11	1.16	1.16	0.37	0.0	1.42	1.16	4.63	3	1	86	191
634	993	690	30.0	5.74	12.65	0.454	0.68	2.04	0.331	3.59	4.17	0.861	0.62	2.62	3.24	5.98	1.07	0.16	2.76	2.44	15.75	1	1	84	191
635	26	5	14.5	0.88	3.12	0.284	0.04	0.62	0.062	0.27	0.62	0.438	0.77	1.35	2.12	0.62	0.31	0.04	1.42	0.65	2.08	2	2	95	208
636	839	727	33.7	6.36	14.32	0.444	1.56	3.87	0.402	3.07	3.55	0.863	0.42	2.48	2.9	2.37	0.67	0.17	2.46	2.1	17.34	1	1	93	198
637	90	7	12.8	1.41	3.82	0.369	0.5	1.6	0.312	0.46	0.63	0.719	0.27	1.21	1.48	0.62	0.24	0.09	1.21	0.39	3.78	3	2	102	206
638	67	6	7.4	0.84	2.24	0.373	0.34	1.04	0.329	0.31	0.43	0.724	0.73	0.99	1.72	0.28	0.25	0.07	1.04	0.33	2.33	4	2	107	203
639	19	0	7.4	0.79	1.95	0.405	0.05	0.37	0.143	0.42	0.53	0.8	0.37	1.11	1.47	0.42	0.47	0.11	0.89	0.47	2.05	1	1	98	196
640	3	0	4.4	0.0	1.0	0.0	0.0	0.33	0.0	0.67	0.67	1.0	1.0	0.0	1.0	0.0	0.0	0.0	0.67	1.0	0.67	1	2	107	198
641	6	0	14.0	1.83	3.67	0.5	0.17	0.33	0.5	1.0	1.5	0.667	0.17	1.83	2.0	1.5	0.67	0.17	1.5	1.0	4.83	1	1	88	196
642	23	0	7.4	0.87	2.26	0.385	0.04	0.13	0.333	0.78	0.83	0.947	0.22	0.65	0.87	0.65	0.09	0.04	1.13	0.48	2.57	3	2	98	196
643	151	27	14.0	1.58	3.8	0.416	0.21	0.7	0.305	0.48	0.68	0.699	1.05	2.21	3.26	0.43	0.56	0.42	1.79	0.66	3.85	6	2	93	203
644	46	4	8.2	0.54	1.59	0.342	0.0	0.0	0.0	0.09	0.3	0.286	0.74	1.63	2.37	0.3	0.17	0.28	1.74	0.5	1.17	3	3	116	211
645	855	496	28.4	4.6	11.55	0.398	1.47	4.6	0.32	2.1	2.86	0.733	0.44	2.13	2.57	3.41	1.14	0.18	2.07	1.95	12.76	1	1	82	193
646	1089	989	31.1	3.54	7.68	0.46	0.01	0.05	0.136	1.98	2.5	0.794	2.76	4.97	7.72	1.53	0.84	1.02	2.95	1.23	9.06	1	3	102	211
647	797	198	16.9	2.18	4.37	0.5	0.0	0.02	0.083	1.05	1.5	0.697	1.41	2.35	3.76	0.62	0.41	0.24	2.53	0.83	5.41	1	2	111	206
648	1296	1091	30.2	3.7	8.28	0.447	0.57	1.71	0.332	1.67	2.17	0.77	0.99	2.84	3.83	7.97	1.24	0.09	1.72	2.43	9.64	1	1	82	185
649	135	3	10.0	0.66	1.64	0.401	0.02	0.14	0.158	0.6	0.84	0.711	0.25	0.82	1.07	1.36	0.31	0.07	0.94	0.58	1.94	6	1	93	193
650	140	2	10.5	1.27	3.09	0.411	0.68	1.91	0.356	0.36	0.45	0.81	0.26	0.91	1.17	0.59	0.26	0.07	0.87	0.25	3.59	5	1	95	196
651	127	8	10.2	1.57	3.84	0.408	0.07	0.28	0.25	0.48	0.72	0.663	0.71	1.39	2.09	0.35	0.22	0.31	1.42	0.69	3.69	3	3	113	211
652	520	61	13.0	1.13	2.91	0.39	0.35	1.01	0.344	0.45	0.57	0.783	0.53	1.46	1.99	0.84	0.3	0.23	1.57	0.66	3.07	1	2	109	206
653	40	5	11.0	1.27	3.27	0.389	0.38	0.95	0.395	1.0	1.25	0.8	0.82	1.2	2.02	0.5	0.35	0.47	1.95	0.4	3.92	2	2	105	206
654	247	69	14.6	2.17	4.3	0.506	0.0	0.01	0.0	0.64	1.23	0.525	1.32	2.26	3.57	0.67	0.26	0.51	2.34	1.09	4.99	6	3	111	213
655	1159	512	24.5	3.84	8.34	0.461	0.52	1.54	0.336	2.79	3.44	0.81	0.82	1.37	2.19	1.46	0.92	0.21	2.76	1.43	10.99	1	2	86	201
656	1003	671	28.4	3.46	7.42	0.467	0.08	0.29	0.283	2.48	3.26	0.761	2.16	3.97	6.13	1.71	1.2	0.36	2.95	1.62	9.49	1	2	102	203
657	748	581	36.9	5.77	13.34	0.433	1.45	3.83	0.378	3.0	3.59	0.834	0.73	3.15	3.88	2.69	1.17	0.42	2.29	2.03	15.99	1	1	86	193
658	678	302	24.2	4.2	9.19	0.457	0.79	2.05	0.384	1.4	1.79	0.781	1.52	3.91	5.43	1.31	0.59	0.44	2.8	1.26	10.58	1	2	104	208
659	16	0	3.4	0.5	1.06	0.471	0.0	0.0	0.0	0.19	0.38	0.5	0.19	0.38	0.56	0.19	0.06	0.06	0.88	0.25	1.19	1	2	113	208
660	1049	842	32.0	5.38	11.9	0.452	1.7	4.41	0.386	2.39	2.97	0.805	1.35	3.83	5.18	1.68	1.06	0.52	2.32	1.5	14.85	1	2	107	208
661	341	56	15.5	1.8	4.32	0.417	0.19	0.6	0.315	0.97	1.23	0.788	0.22	1.44	1.66	2.27	0.74	0.1	1.55	0.81	4.76	9	1	82	191
662	985	516	21.6	3.18	6.47	0.492	0.0	0.03	0.154	1.55	2.11	0.737	2.16	4.64	6.79	1.16	0.75	0.99	3.19	1.67	7.92	1	3	111	208
663	867	770	35.3	6.51	15.08	0.431	1.78	5.01	0.355	2.94	3.76	0.782	0.63	2.67	3.29	8.18	1.65	0.15	2.34	2.86	17.73	1	1	79	183
664	25	0	5.6	0.52	1.28	0.406	0.0	0.0	0.0	0.32	0.48	0.667	0.48	0.88	1.36	0.08	0.16	0.12	0.8	0.48	1.36	2	2	126	206
665	226	87	21.0	2.58	6.36	0.405	0.29	0.89	0.322	2.2	2.73	0.806	0.54	1.2	1.74	4.03	0.96	0.03	1.71	1.75	7.65	4	1	69	178
666	852	354	23.8	2.99	7.03	0.425	0.3	1.11	0.267	1.5	1.85	0.811	0.55	1.59	2.14	3.89	0.86	0.16	2.14	1.49	7.78	1	1	82	185
667	942	717	30.6	4.89	11.13	0.44	1.22	3.41	0.358	3.25	3.85	0.845	1.18	2.07	3.25	3.1	0.77	0.29	2.42	1.82	14.26	1	1	91	201
668	136	1	9.2	1.57	3.76	0.417	0.51	1.33	0.387	0.79	1.08	0.735	0.41	1.29	1.7	0.29	0.18	0.21	1.14	0.5	4.44	5	3	116	216
669	913	868	38.6	6.65	15.66	0.425	1.21	3.58	0.337	3.79	4.71	0.804	0.84	3.24	4.08	4.01	1.42	0.43	1.85	2.68	18.3	1	1	86	196
670	994	322	22.4	3.24	7.25	0.447	0.07	0.29	0.223	2.14	2.74	0.784	1.26	2.47	3.73	1.1	0.55	0.3	2.52	0.84	8.69	1	2	95	198
671	704	559	33.7	5.67	12.4	0.458	0.71	2.26	0.316	3.11	4.02	0.774	1.38	3.08	4.47	5.01	1.6	0.44	2.22	2.54	15.18	1	1	88	201
672	976	901	35.2	7.48	16.43	0.455	1.36	3.5	0.388	4.67	5.5	0.85	0.9	2.99	3.89	3.48	1.24	0.26	2.56	2.64	21.0	1	1	98	196
673	1009	967	30.9	5.28	11.84	0.446	0.52	1.79	0.289	2.71	3.77	0.72	1.31	2.96	4.27	3.88	1.7	0.72	2.3	2.23	13.79	1	1	84	198
674	325	28	16.5	2.08	5.18	0.401	0.79	2.15	0.366	0.87	1.1	0.798	0.33	1.27	1.59	2.35	0.6	0.04	1.17	1.02	5.82	7	1	91	185
675	748	228	22.1	2.5	4.94	0.506	0.0	0.02	0.214	1.98	2.78	0.714	1.64	2.85	4.49	1.22	0.6	1.31	3.21	1.27	6.99	1	3	104	211
676	1165	1035	33.2	4.67	9.18	0.509	0.0	0.05	0.063	1.81	2.62	0.692	2.98	5.13	8.11	2.21	0.98	0.97	2.43	1.12	11.16	1	2	116	208
677	885	651	32.8	5.44	12.71	0.428	1.0	2.73	0.365	2.47	3.0	0.825	1.34	3.35	4.69	3.22	0.82	0.21	2.23	2.46	14.34	1	1	100	198
678	737	380	20.8	2.42	5.14	0.47	0.01	0.03	0.25	1.18	1.58	0.744	1.61	3.15	4.76	0.58	0.45	1.49	2.76	0.95	6.01	1	3	111	211
679	89	11	13.5	1.72	4.47	0.384	0.56	1.51	0.373	0.49	0.74	0.667	0.69	1.19	1.88	0.92	0.63	0.04	1.2	0.74	4.49	7	1	82	191
680	640	404	19.2	1.87	3.85	0.484	0.0	0.0	0.0	1.51	2.3	0.658	2.05	3.32	5.37	0.33	0.39	0.83	3.31	1.04	5.24	1	3	120	213
681	923	572	30.3	5.26	11.86	0.443	0.81	2.28	0.355	3.0	3.75	0.801	0.53	2.93	3.46	3.82	0.79	0.34	2.61	2.28	14.32	1	1	95	203
682	418	80	16.8	1.96	4.59	0.426	0.87	2.24	0.387	1.15	1.4	0.824	0.42	1.22	1.64	2.96	0.75	0.04	1.82	1.5	5.94	1	1	75	185
683	887	331	18.4	1.57	3.81	0.412	0.0	0.01	0.0	0.78	1.7	0.458	2.52	3.63	6.15	0.42	0.38	1.16	2.62	0.83	3.92	1	3	107	211
684	565	320	27.2	4.33	10.43	0.415	1.66	4.31	0.384	1.63	2.07	0.787	0.61	2.23	2.85	2.09	0.75	0.23	2.15	1.32	11.94	1	1	93	193
685	1136	526	29.6	4.75	9.68	0.491	0.42	1.09	0.384	3.95	4.92	0.803	1.65	4.54	6.18	3.37	0.75	0.27	2.96	2.0	13.87	1	2	97	206
686	31	0	8.6	0.74	1.58	0.469	0.0	0.0	0.0	0.29	0.65	0.45	0.58	1.16	1.74	0.26	0.1	0.23	1.48	0.29	1.77	2	3	116	216
687	880	671	32.9	5.27	13.02	0.405	1.74	4.86	0.357	2.11	2.66	0.794	0.43	2.47	2.89	6.56	0.83	0.1	1.57	2.1	14.38	1	1	77	185
688	765	482	27.6	4.36	9.0	0.484	0.2	0.75	0.267	2.09	3.09	0.678	0.73	1.46	2.19	5.93	1.03	0.1	2.11	2.3	11.01	1	1	82	183
689	230	40	18.2	2.74	6.65	0.412	0.32	1.07	0.3	0.6	0.79	0.758	0.51	2.09	2.6	0.78	0.5	0.13	1.45	0.6	6.4	5	2	86	196
690	832	484	23.5	3.26	7.13	0.457	0.0	0.05	0.103	1.59	2.22	0.715	2.09	4.24	6.33	0.69	0.64	2.55	3.09	1.27	8.12	1	3	107	229
691	25	0	5.5	0.52	1.56	0.333	0.0	0.0	0.0	1.12	1.44	0.778	0.52	0.88	1.4	0.2	0.08	0.04	0.72	0.36	2.16	1	3	100	213
692	460	334	27.4	3.62	8.59	0.421	0.45	1.44	0.313	1.36	1.79	0.76	0.55	1.93	2.48	4.08	1.19	0.24	1.95	1.35	9.05	1	1	84	196
693	937	639	29.1	4.17	8.59	0.486	0.22	0.69	0.316	2.4	3.08	0.779	1.62	3.07	4.68	2.41	1.14	0.65	2.88	1.83	10.96	1	2	93	206
694	1117	613	23.1	2.77	5.63	0.493	0.0	0.03	0.132	1.4	1.99	0.704	1.62	4.6	6.23	0.97	0.57	0.9	3.13	1.3	6.95	1	3	109	208
695	914	352	22.7	2.19	3.87	0.567	0.0	0.04	0.079	1.05	2.01	0.521	1.84	3.01	4.85	1.58	0.94	1.31	2.37	1.16	5.44	1	2	95	203
696	19	0	7.1	0.74	2.16	0.341	0.16	0.63	0.25	0.68	0.79	0.867	0.16	0.37	0.53	0.26	0.37	0.0	0.53	0.42	2.32	1	1	98	193
697	22	1	6.9	1.0	2.41	0.415	0.0	0.05	0.0	0.27	0.41	0.667	0.68	1.0	1.68	0.32	0.09	0.23	1.05	0.27	2.27	1	3	109	213
698	791	604	32.5	5.93	12.23	0.485	0.05	0.23	0.215	3.05	4.79	0.638	2.86	4.56	7.42	1.91	0.74	1.01	3.24	2.22	14.97	1	2	109	211
699	915	610	30.3	4.4	9.33	0.471	0.01	0.06	0.196	2.65	3.56	0.743	2.32	5.16	7.48	1.47	0.96	0.87	2.22	1.56	11.46	1	2	109	198
700	18	1	13.2	1.67	4.94	0.337	0.39	1.44	0.269	0.94	1.28	0.739	0.39	1.28	1.67	1.83	0.39	0.28	1.56	0.83	4.67	2	1	85	191
701	133	15	11.7	1.32	3.01	0.44	0.0	0.0	0.0	1.75	2.65	0.66	1.38	2.11	3.49	0.25	0.29	0.21	1.62	0.81	4.4	7	3	113	211
702	41	0	10.5	1.49	3.44	0.433	0.44	1.27	0.346	0.66	0.78	0.844	0.05	0.61	0.66	1.29	0.41	0.02	0.78	0.44	4.07	2	1	79	188
703	757	227	20.9	2.53	6.27	0.403	0.81	2.31	0.349	1.4	1.91	0.733	0.36	1.51	1.87	3.96	1.17	0.1	1.75	1.38	7.26	1	1	80	183
704	966	790	30.5	5.25	12.08	0.434	0.33	1.09	0.3	2.55	3.38	0.754	1.32	2.82	4.14	3.05	1.57	0.45	2.6	1.8	13.37	1	1	88	196
705	845	453	20.1	1.65	3.26	0.505	0.0	0.01	0.2	0.81	1.34	0.605	1.98	4.11	6.09	0.46	0.56	1.29	2.88	0.86	4.11	1	3	111	211
706	117	1	11.2	0.97	2.79	0.35	0.34	1.08	0.317	0.58	0.92	0.63	0.26	0.79	1.05	1.72	0.44	0.08	1.08	0.88	2.87	4	1	84	193
707	1153	571	24.4	4.1	8.82	0.465	0.05	0.25	0.201	2.01	2.92	0.69	2.02	3.48	5.5	1.85	1.24	0.69	3.0	1.37	10.26	1	2	98	201
708	656	95	12.2	1.6	3.63	0.44	0.03	0.14	0.225	0.65	0.86	0.748	0.78	1.8	2.58	0.54	0.14	0.29	1.86	0.71	3.87	1	3	109	211
709	846	260	26.3	4.29	9.61	0.447	0.86	2.58	0.335	2.14	2.94	0.729	1.2	3.0	4.2	3.69	0.97	0.34	1.73	1.83	11.6	1	2	107	211
710	882	559	34.7	4.06	7.97	0.509	0.0	0.01	0.167	2.82	3.98	0.709	2.17	6.08	8.25	3.36	0.73	0.28	2.67	1.76	10.95	1	2	113	201
711	5	0	2.4	0.0	0.6	0.0	0.0	0.0	0.0	0.0	0.0	0.0	0.0	0.0	0.0	0.0	0.0	0.0	0.2	0.4	0.0	1	1	93	196
712	969	269	24.4	5.56	11.28	0.493	0.31	0.95	0.322	3.5	3.99	0.875	0.89	1.48	2.37	1.88	0.79	0.15	2.29	1.5	14.93	1	1	93	193
713	11	0	3.8	0.45	1.18	0.385	0.0	0.09	0.0	0.45	0.64	0.714	0.64	0.36	1.0	0.09	0.0	0.0	0.73	0.09	1.36	1	2	109	203
714	NBB	19	4.0	13.2	1.42	3.95	0.36	0.63	1.89	0.333	1.74	2.21	0.786	0.53	1.79	2.32	0.47	0.58	0.11	2.0	1.0	1	2	95	203
715	62	0	8.2	1.03	2.52	0.41	0.0	0.03	0.0	0.85	1.45	0.589	1.34	1.56	2.9	0.18	0.23	0.23	1.32	0.65	2.92	4	2	107	206
716	22	0	4.6	0.23	1.09	0.208	0.0	0.0	0.0	0.23	0.55	0.417	0.27	0.41	0.68	0.05	0.05	0.32	0.73	0.45	0.68	3	3	109	218
717	294	93	16.4	2.26	5.6	0.403	0.0	0.04	0.077	1.73	2.59	0.671	0.78	1.84	2.63	0.78	0.31	0.32	1.7	1.31	6.25	6	3	122	208
718	17	6	9.8	1.65	3.71	0.444	0.0	0.18	0.0	0.35	0.65	0.545	0.82	1.53	2.35	0.59	0.35	0.18	0.53	0.35	3.65	2	2	100	203
719	337	51	13.5	1.18	3.12	0.378	0.3	0.82	0.362	0.58	0.84	0.693	0.25	1.07	1.33	2.6	0.6	0.06	1.07	1.06	3.23	1	1	86	193
720	786	168	20.4	2.39	5.87	0.407	0.66	1.88	0.35	1.07	1.29	0.827	0.26	1.42	1.68	3.5	0.69	0.11	2.16	1.49	6.51	1	1	80	188
721	567	361	21.2	2.97	6.43	0.462	0.0	0.01	0.0	1.27	1.67	0.76	1.54	3.39	4.93	1.47	0.49	0.97	3.05	1.66	7.21	1	3	135	221
722	61	0	7.3	0.97	2.89	0.335	0.18	0.72	0.25	1.08	1.36	0.795	0.18	0.56	0.74	0.21	0.2	0.03	0.46	0.57	3.2	4	2	98	196
723	1000	876	35.0	6.78	14.87	0.456	1.56	3.9	0.4	3.23	3.81	0.846	0.95	3.44	4.39	2.1	0.96	0.27	2.36	1.73	18.34	1	2	103	203
724	1	0	5.0	0.0	1.0	0.0	0.0	0.0	0.0	0.0	0.0	0.0	0.0	0.0	0.0	0.0	0.0	0.0	2.0	0.0	0.0	5	3	111	211
725	445	37	17.2	1.83	4.57	0.401	0.26	0.91	0.286	1.18	1.59	0.74	0.47	1.48	1.95	2.77	0.72	0.04	1.09	1.18	5.11	9	1	79	185
726	889	556	28.6	3.2	6.99	0.458	0.12	0.43	0.277	1.19	1.44	0.827	0.6	2.01	2.61	7.57	1.54	0.04	1.78	1.61	7.71	1	1	62	160
727	16	0	7.0	1.0	2.06	0.485	0.12	0.19	0.667	0.44	0.62	0.7	0.25	1.19	1.44	0.19	0.31	0.0	1.25	0.5	2.56	3	1	95	196
728	1	0	0.1	0.0	0.0	0.0	0.0	0.0	0.0	0.0	0.0	0.0	0.0	0.0	0.0	0.0	0.0	0.0	0.0	0.0	0.0	3	1	82	193
729	54	1	8.7	0.65	1.74	0.372	0.15	0.59	0.25	0.2	0.52	0.393	0.28	0.65	0.93	1.04	0.35	0.04	0.63	0.59	1.65	4	1	82	193
730	65	5	6.7	0.65	1.45	0.447	0.0	0.0	0.0	0.23	0.38	0.6	0.4	0.63	1.03	0.12	0.09	0.29	1.35	0.31	1.52	2	3	125	213
731	63	11	9.6	0.89	2.37	0.376	0.08	0.33	0.238	0.84	1.17	0.716	0.25	0.7	0.95	0.37	0.32	0.19	0.62	0.54	2.7	2	2	86	201
732	1	0	27.4	2.0	10.0	0.2	0.0	0.0	0.0	1.0	2.0	0.5	0.0	2.0	2.0	0.0	2.0	0.0	4.0	1.0	5.0	1	2	95	198
733	62	1	13.8	1.71	4.18	0.409	0.1	0.48	0.2	0.6	0.66	0.902	0.15	0.98	1.13	2.61	0.47	0.03	0.87	0.82	4.11	1	1	80	180
734	8	0	3.5	0.25	1.0	0.25	0.0	0.0	0.0	0.12	0.25	0.5	0.12	0.62	0.75	0.0	0.12	0.0	0.5	0.25	0.62	1	2	116	206
735	28	1	11.4	1.5	3.71	0.404	0.25	0.82	0.304	0.61	0.71	0.85	0.89	1.32	2.21	0.36	0.32	0.39	0.79	0.75	3.86	1	2	112	203
736	75	2	16.7	2.63	6.23	0.422	0.24	1.08	0.222	0.92	1.17	0.784	1.09	2.33	3.43	0.69	0.56	0.21	1.6	0.92	6.41	1	2	102	203
737	16	0	6.7	0.19	1.38	0.136	0.0	0.38	0.0	0.06	0.5	0.125	0.25	0.44	0.69	1.0	0.0	0.0	0.81	0.38	0.44	3	1	88	188
738	6	0	5.0	0.33	1.5	0.222	0.17	0.67	0.25	0.0	0.0	0.0	0.0	0.33	0.33	0.33	0.17	0.0	0.17	0.83	0.83	2	1	100	196
739	4	0	4.2	0.25	1.5	0.167	0.25	0.25	1.0	1.0	1.0	1.0	0.5	0.5	1.0	0.75	0.0	0.0	0.25	0.25	1.75	2	1	75	173
740	10	0	11.6	0.9	3.1	0.29	0.0	0.4	0.0	0.5	1.0	0.5	0.6	0.7	1.3	0.6	0.5	0.2	1.6	0.3	2.3	1	2	98	198
741	33	2	8.1	0.67	1.18	0.564	0.0	0.0	0.0	0.3	0.61	0.5	0.88	1.42	2.3	0.15	0.12	0.21	1.45	0.42	1.64	2	2	107	203
742	140	65	22.1	2.07	5.59	0.371	0.14	0.52	0.274	0.95	1.38	0.689	0.49	2.23	2.72	3.06	0.9	0.18	2.86	1.79	5.24	4	1	82	193
743	12	0	8.5	1.17	3.08	0.378	0.08	0.5	0.167	0.08	0.08	1.0	0.42	0.75	1.17	0.5	0.33	0.0	0.67	0.92	2.5	3	2	98	198
744	587	254	16.8	1.9	3.76	0.507	0.0	0.0	0.0	0.99	1.59	0.621	1.75	2.49	4.24	0.58	0.66	0.51	3.05	0.94	4.8	1	3	104	208
745	604	302	25.4	4.39	10.36	0.423	0.29	0.87	0.335	1.85	2.31	0.803	0.85	1.88	2.74	2.66	1.37	0.33	1.7	1.88	10.92	1	1	86	191
746	67	1	12.2	1.33	3.6	0.369	0.25	1.03	0.246	0.36	0.49	0.727	0.31	0.75	1.06	2.01	0.43	0.01	1.03	0.7	3.27	4	2	78	178
747	4	0	10.8	0.75	2.0	0.375	0.0	0.0	0.0	0.5	1.5	0.333	1.0	1.75	2.75	0.5	0.0	0.25	1.25	1.0	2.0	1	2	109	206
748	431	71	16.7	2.01	5.14	0.391	0.8	2.27	0.352	0.68	0.89	0.764	0.48	1.34	1.82	1.16	0.6	0.12	1.68	0.81	5.5	1	1	86	193
749	591	341	26.7	6.01	13.56	0.443	0.8	2.27	0.354	1.82	2.02	0.903	0.39	1.53	1.92	3.55	0.84	0.08	1.9	1.66	14.64	9	1	73	183
750	16	0	9.8	0.94	2.31	0.405	0.0	0.0	0.0	0.12	0.38	0.333	0.25	1.75	2.0	0.0	0.06	0.75	1.25	0.38	2.0	2	3	109	211
751	1051	727	27.9	5.24	10.73	0.488	0.03	0.11	0.277	4.1	5.52	0.741	2.88	5.53	8.41	1.62	1.13	1.22	3.64	2.63	14.6	1	3	127	208
752	827	709	31.5	3.92	9.19	0.426	0.97	2.75	0.354	2.44	2.97	0.821	0.96	3.13	4.09	3.62	1.88	0.47	2.48	2.08	11.25	1	1	91	198
753	736	363	25.1	4.26	9.92	0.43	0.72	1.99	0.36	2.02	2.66	0.759	1.27	2.85	4.12	1.33	0.93	0.43	2.0	1.64	11.26	1	2	107	201
754	756	577	28.3	4.1	8.38	0.49	0.01	0.04	0.214	2.28	3.05	0.746	2.43	5.01	7.44	1.22	0.6	0.74	3.19	1.63	10.49	1	2	115	206
755	23	5	8.7	0.48	1.7	0.282	0.09	0.57	0.154	0.09	0.26	0.333	0.13	0.87	1.0	0.39	0.22	0.09	1.39	0.39	1.13	1	1	98	198
756	252	92	15.8	2.42	5.53	0.437	0.28	0.8	0.347	1.45	1.76	0.824	0.82	1.35	2.17	0.61	0.4	0.32	1.95	0.92	6.56	8	2	107	206
757	12	0	9.0	1.58	3.17	0.5	0.42	1.25	0.333	0.75	1.17	0.643	0.08	1.33	1.42	0.75	0.58	0.0	1.17	0.75	4.33	1	1	82	191
758	21	0	10.7	1.67	3.43	0.486	0.0	0.05	0.0	0.57	1.24	0.462	1.14	1.19	2.33	0.43	0.14	0.05	1.43	0.67	3.9	2	2	107	206
759	763	607	30.9	5.07	11.25	0.451	0.27	0.96	0.284	2.55	3.37	0.757	2.09	5.23	7.33	2.8	1.41	0.64	2.47	2.27	12.97	1	2	109	208
760	39	1	8.7	0.56	2.26	0.25	0.26	1.38	0.185	0.41	0.44	0.941	0.1	0.56	0.67	1.23	0.67	0.05	1.62	0.64	1.79	1	1	93	191
761	10	0	11.0	1.1	3.5	0.314	0.4	1.1	0.364	1.6	2.0	0.8	0.2	0.9	1.1	0.4	0.0	0.0	1.0	0.9	4.2	2	1	95	196
